# CE_14017 -118.31214856 33.98958774
# 
# Depth (m)   Vp (m/s)        Vs(m/s)      Density(kg/m3)
   0.0       404.7470093     173.7658081    1928.9095459  
  20.0      1163.5000000     387.2940369    2048.7165527  
  40.0      1299.9000244     416.6700134    2070.2541504  
  60.0      1310.6933594     482.2000122    2071.9584961  
  80.0      1295.4851074     526.3900146    2069.5571289  
 100.0      1278.4941406     559.8800049    2066.8742676  
 120.0      1266.6566162     584.2700195    2065.0051270  
 140.0      1265.0740967     602.5700073    2064.7551270  
 160.0      1277.2036133     526.3149414    2066.6704102  
 180.0      1304.9461670     540.9887085    2071.0510254  
 200.0      1348.7259521     564.3516846    2077.9638672  
 220.0      1392.1552734     587.7727051    2084.8212891  
 240.0      1433.0319824     610.0355225    2091.2758789  
 260.0      1471.7008057     631.2862549    2097.3815918  
 280.0      1508.4376221     651.6437988    2103.1823730  
 300.0      1543.4675293     671.2055664    2108.7136230  
 320.0      1576.9749756     690.0518188    2114.0043945  
 340.0      1609.1165771     708.2517090    2119.0795898  
 360.0      1640.0229492     725.8630371    2123.9597168  
 380.0      1669.8067627     742.9359131    2128.6625977  
 400.0      1698.5642090     759.5133667    2133.2033691  
 420.0      1726.3792725     775.6334839    2137.5952148  
 440.0      1753.3261719     791.3298340    2141.8500977  
 460.0      1779.4688721     806.6314697    2145.9780273  
 480.0      1804.8653564     821.5653076    2149.9882812  
 500.0      1829.5672607     836.1547241    2153.8886719  
 520.0      1853.6187744     850.4204712    2157.6865234  
 540.0      1877.0620117     864.3819580    2161.3881836  
 560.0      1899.9332275     878.0559082    2164.9995117  
 580.0      1922.2670898     891.4586792    2168.5258789  
 600.0      1944.0938721     904.6050415    2171.9724121  
 620.0      1965.4411621     917.5075684    2175.3432617  
 640.0      1986.3347168     930.1785278    2178.6423340  
 660.0      2006.7973633     942.6286011    2181.8732910  
 680.0      2026.8513184     954.8687134    2185.0397949  
 700.0      2046.5161133     966.9081421    2188.1450195  
 720.0      2065.8100586     978.7556763    2191.1914062  
 740.0      2084.7492676     990.4188232    2194.1818848  
 760.0      2313.5673828    1171.0305176    2220.9045410  
 780.0      2321.4306641    1178.6358643    2223.1232910  
 800.0      2329.1809082    1186.1835938    2225.3046875  
 820.0      2336.8212891    1193.6756592    2227.4501953  
 840.0      2344.3571777    1201.1141357    2229.5607910  
 860.0      2351.7917480    1208.5008545    2231.6384277  
 880.0      2359.1298828    1215.8377686    2233.6838379  
 900.0      2366.3750000    1223.1269531    2235.6987305  
 920.0      2373.5297852    1230.3691406    2237.6838379  
 940.0      2380.5983887    1237.5670166    2239.6406250  
 960.0      2387.5830078    1244.7209473    2241.5695801  
 980.0      2394.4875488    1251.8334961    2243.4721680  
1000.0      2401.3134766    1258.9049072    2245.3488770  
1020.0      2408.9750977    1267.2839355    2247.2011719  
1040.0      2416.5629883    1275.6242676    2249.0290527  
1060.0      2424.0803223    1283.9276123    2250.8334961  
1080.0      2431.5297852    1292.1951904    2252.6157227  
1100.0      2438.9128418    1300.4276123    2254.3759766  
1120.0      2446.2314453    1308.6262207    2256.1147461  
1140.0      2453.4882812    1316.7917480    2257.8334961  
1160.0      2460.6838379    1324.9249268    2259.5317383  
1180.0      2467.8208008    1333.0272217    2261.2109375  
1200.0      2474.9001465    1341.0982666    2262.8710938  
1220.0      2481.9248047    1349.1403809    2264.5131836  
1240.0      2488.8942871    1357.1530762    2266.1372070  
1260.0      2495.8115234    1365.1375732    2267.7436523  
1280.0      2502.6779785    1373.0947266    2269.3337402  
1300.0      2509.4941406    1381.0250244    2270.9067383  
1320.0      2516.2617188    1388.9289551    2272.4641113  
1340.0      2522.9816895    1396.8074951    2274.0058594  
1360.0      2529.6552734    1404.6608887    2275.5322266  
1380.0      2536.2841797    1412.4897461    2277.0434570  
1400.0      2542.8688965    1420.2946777    2278.5407715  
1420.0      2549.4104004    1428.0762939    2280.0234375  
1440.0      2555.9096680    1435.8350830    2281.4921875  
1460.0      2562.3681641    1443.5712891    2282.9475098  
1480.0      2568.7861328    1451.2855225    2284.3896484  
1500.0      2575.1657715    1458.9788818    2285.8188477  
1520.0      2584.4448242    1465.1857910    2287.2353516  
1540.0      2593.6865234    1471.3721924    2288.6396484  
1560.0      2602.8911133    1477.5384521    2290.0317383  
1580.0      2612.0600586    1483.6851807    2291.4121094  
1600.0      2621.1943359    1489.8123779    2292.7807617  
1620.0      2630.2929688    1495.9199219    2294.1379395  
1640.0      2639.3593750    1502.0100098    2295.4843750  
1660.0      2648.3913574    1508.0806885    2296.8195801  
1680.0      2657.3916016    1514.1340332    2298.1440430  
1700.0      2666.3603516    1520.1696777    2299.4582520  
1720.0      2675.2976074    1526.1881104    2300.9912109  
1740.0      2684.2043457    1532.1893311    2302.6743164  
1760.0      2693.0812988    1538.1740723    2304.3442383  
1780.0      2701.9289551    1544.1427002    2306.0019531  
1800.0      2710.7473145    1550.0944824    2307.6467285  
1820.0      2719.5375977    1556.0308838    2309.2797852  
1840.0      2728.3002930    1561.9516602    2310.9008789  
1860.0      2737.0356445    1567.8570557    2312.5100098  
1880.0      2745.7438965    1573.7474365    2314.1079102  
1900.0      2754.4260254    1579.6230469    2315.6943359  
1920.0      2763.0825195    1585.4841309    2317.2697754  
1940.0      2771.7128906    1593.3515625    2318.8342285  
1960.0      2780.3190918    1603.4831543    2320.3881836  
1980.0      2788.9006348    1613.5755615    2321.9316406  
2000.0      2797.4575195    1623.6286621    2323.4643555  
2020.0      2809.1955566    1634.5727539    2324.9873047  
2040.0      2820.9096680    1645.4786377    2326.5000000  
2060.0      2832.6008301    1656.3481445    2328.0029297  
2080.0      2844.2690430    1667.1815186    2329.4960938  
2100.0      2855.9155273    1677.9798584    2330.9797363  
2120.0      2867.5397949    1688.7427979    2332.4538574  
2140.0      2879.1425781    1699.4718018    2333.9189453  
2160.0      2890.7243652    1710.1668701    2335.3750000  
2180.0      2902.2851562    1720.8291016    2336.8220215  
2200.0      2913.8251953    1731.4573975    2338.2600098  
2220.0      2929.3051758    1742.0538330    2339.6894531  
2240.0      2946.4907227    1752.6180420    2341.1103516  
2260.0      2963.6232910    1763.1508789    2342.5229492  
2280.0      2980.7033691    1773.6524658    2343.9270020  
2300.0      2997.7314453    1784.1235352    2345.3229980  
2320.0      3014.7084961    1794.5642090    2346.7109375  
2340.0      3031.6352539    1804.9750977    2348.0908203  
2360.0      3048.5119629    1815.3560791    2349.4628906  
2380.0      3065.3400879    1825.7086182    2350.8273926  
2400.0      3082.1198730    1836.0321045    2352.1840820  
2420.0      3098.8522949    1846.3273926    2353.5334473  
2440.0      3115.5375977    1856.5949707    2354.8754883  
2460.0      3132.1765137    1866.8344727    2356.2099609  
2480.0      3148.7695312    1877.0463867    2357.5371094  
2500.0      3165.3181152    1887.2320557    2358.8574219  
2520.0      3174.5751953    1891.5419922    2360.1706543  
2540.0      3183.7888184    1895.8254395    2361.4768066  
2560.0      3192.9582520    1900.0831299    2362.7763672  
2580.0      3202.0859375    1904.3154297    2364.0690918  
2600.0      3211.1706543    1908.5217285    2365.3549805  
2620.0      3220.2141113    1912.7034912    2366.6342773  
2640.0      3229.2160645    1916.8601074    2367.9072266  
2660.0      3238.1779785    1920.9927979    2369.1738281  
2680.0      3247.0996094    1925.1011963    2370.4340820  
2700.0      3255.9816895    1929.1856689    2371.6879883  
2720.0      3264.8247070    1933.2467041    2372.9357910  
2740.0      3273.6284180    1937.2841797    2374.1774902  
2760.0      3282.3950195    1941.2987061    2375.4130859  
2780.0      3291.1230469    1945.2902832    2376.6428223  
2800.0      3299.8144531    1949.2597656    2377.8666992  
2820.0      3308.4687500    1953.2060547    2379.0844727  
2840.0      3317.0861816    1957.1309814    2380.2968750  
2860.0      3325.6682129    1961.0340576    2381.5034180  
2880.0      3334.2145996    1964.9150391    2382.7043457  
2900.0      3342.7258301    1968.7751465    2383.8996582  
2920.0      3351.2026367    1972.6145020    2385.0898438  
2940.0      3359.6447754    1976.4321289    2386.2741699  
2960.0      3368.0527344    1980.2294922    2387.4533691  
2980.0      3376.4277344    1984.0063477    2388.6271973  
3000.0      3384.7697754    1987.7634277    2389.7958984  
3020.0      3393.9526367    1991.9505615    2390.9592285  
3040.0      3403.1030273    1996.1181641    2392.1176758  
3060.0      3412.2209473    2000.2656250    2393.2707520  
3080.0      3421.3076172    2004.3939209    2394.4189453  
3100.0      3430.3642578    2008.5042725    2395.5625000  
3120.0      3439.3886719    2012.5947266    2396.7009277  
3140.0      3448.3803711    2016.6646729    2397.8342285  
3160.0      3457.3447266    2020.7181396    2398.9628906  
3180.0      3466.2775879    2024.7523193    2400.0869141  
3200.0      3475.1794434    2028.7674561    2401.2060547  
3220.0      3484.0532227    2032.7656250    2402.3208008  
3240.0      3492.8977051    2036.7451172    2403.4306641  
3260.0      3501.7133789    2040.7072754    2404.5361328  
3280.0      3510.5002441    2044.6516113    2405.6369629  
3300.0      3519.2590332    2048.5783691    2406.7333984  
3320.0      3527.9899902    2052.4882812    2407.8254395  
3340.0      3536.6928711    2056.3808594    2408.9130859  
3360.0      3545.3684082    2060.2568359    2409.9965820  
3380.0      3554.0170898    2064.1157227    2411.0756836  
3400.0      3562.6384277    2067.9580078    2412.1503906  
3420.0      3571.2331543    2071.7836914    2413.2209473  
3440.0      3579.8020020    2075.5930176    2414.2873535  
3460.0      3588.3444824    2079.3862305    2415.3496094  
3480.0      3596.8610840    2083.1635742    2416.4079590  
3500.0      3605.3515625    2086.9245605    2417.4619141  
3520.0      3614.7624512    2091.4375000    2418.5122070  
3540.0      3624.1472168    2095.9338379    2419.5583496  
3560.0      3633.5078125    2100.4152832    2420.6005859  
3580.0      3642.8439941    2104.8813477    2421.6389160  
3600.0      3652.1547852    2109.3317871    2422.6733398  
3620.0      3661.4423828    2113.7675781    2423.7041016  
3640.0      3670.7050781    2118.1882324    2424.7309570  
3660.0      3679.9443359    2122.5939941    2425.7541504  
3680.0      3689.1604004    2126.9853516    2426.7736816  
3700.0      3698.3525391    2131.3618164    2427.7893066  
3720.0      3707.5217285    2135.7238770    2428.8012695  
3740.0      3716.6677246    2140.0715332    2429.8098145  
3760.0      3725.7915039    2144.4052734    2430.8146973  
3780.0      3734.8928223    2148.7246094    2431.8159180  
3800.0      3743.9711914    2153.0302734    2432.8137207  
3820.0      3753.0283203    2157.3222656    2433.8081055  
3840.0      3762.0632324    2161.6000977    2434.7988281  
3860.0      3771.0759277    2165.8645020    2435.7863770  
3880.0      3780.0673828    2170.1152344    2436.7702637  
3900.0      3789.0371094    2174.3522949    2437.7509766  
3920.0      3797.9860840    2178.5761719    2438.7280273  
3940.0      3806.9138184    2182.7871094    2439.7021484  
3960.0      3815.8208008    2186.9848633    2440.6728516  
3980.0      3824.7072754    2191.1694336    2441.6401367  
4000.0      3833.5727539    2195.3410645    2442.6042480  
4020.0      3830.9267578    2190.9108887    2443.5651855  
4040.0      3828.2607422    2186.4680176    2444.5229492  
4060.0      3825.5754395    2182.0129395    2445.4775391  
4080.0      3822.8701172    2177.5454102    2446.4291992  
4100.0      3820.1442871    2173.0646973    2447.3774414  
4120.0      3834.5651855    2181.0734863    2451.0332031  
4140.0      3858.0993652    2195.7639160    2456.1279297  
4160.0      3880.5688477    2209.7282715    2461.0546875  
4180.0      3902.0546875    2223.0205078    2465.8259277  
4200.0      3922.6313477    2235.6899414    2470.4536133  
4220.0      3942.3674316    2247.7836914    2474.9487305  
4240.0      3961.3183594    2259.3376465    2479.3198242  
4260.0      3979.5415039    2270.3913574    2483.5759277  
4280.0      3997.0800781    2280.9736328    2487.7241211  
4300.0      4013.9807129    2291.1157227    2491.7712402  
4320.0      4030.2792969    2300.8420410    2495.7236328  
4340.0      4046.0100098    2310.1757812    2499.5861816  
4360.0      4061.2104492    2315.5791016    2503.3649902  
4380.0      4075.9030762    2320.2541504    2507.0637207  
4400.0      4090.1206055    2324.6547852    2510.6875000  
4420.0      4103.8847656    2328.7937012    2514.2395020  
4440.0      4117.2167969    2332.6831055    2517.7231445  
4460.0      4130.1430664    2336.3381348    2521.1430664  
4480.0      4142.6762695    2339.7663574    2524.5007324  
4500.0      4154.8408203    2342.9819336    2527.8002930  
4520.0      4174.2172852    2354.4846191    2531.0434570  
4540.0      4193.2558594    2365.7924805    2534.2333984  
4560.0      4211.9687500    2376.9123535    2537.3718262  
4580.0      4230.3696289    2387.8520508    2540.4609375  
4600.0      4248.4746094    2398.6208496    2543.5036621  
4620.0      4266.2915039    2409.2231445    2546.5004883  
4640.0      4283.8349609    2419.6677246    2549.4543457  
4660.0      4301.1127930    2429.9592285    2552.3662109  
4680.0      4318.1357422    2440.1032715    2555.2377930  
4700.0      4334.9130859    2450.1057129    2558.0708008  
4720.0      4351.4541016    2459.9716797    2560.8662109  
4740.0      4367.7670898    2469.7055664    2563.6257324  
4760.0      4383.8588867    2479.3122559    2566.3503418  
4780.0      4399.7373047    2488.7956543    2569.0415039  
4800.0      4415.4106445    2498.1606445    2571.6999512  
4820.0      4430.8837891    2507.4099121    2574.3269043  
4840.0      4446.1655273    2516.5485840    2576.9233398  
4860.0      4461.2583008    2525.5783691    2579.4902344  
4880.0      4476.1708984    2534.5041504    2582.0288086  
4900.0      4490.9067383    2543.3276367    2584.5393066  
4920.0      4505.4731445    2552.0537109    2587.0229492  
4940.0      4519.8735352    2560.6835938    2589.4804688  
4960.0      4534.1127930    2569.2204590    2591.9125977  
4980.0      4548.1953125    2577.6669922    2594.3200684  
5000.0      4562.1259766    2586.0258789    2596.7033691  
