# CI_GSA -118.12831287 34.13685114
# 
# Depth (m)   Vp (m/s)        Vs(m/s)      Density(kg/m3)
   0.0       399.2119141     255.4544983    1928.0355225  
  20.0      1178.2149658     509.7779846    2051.0400391  
  40.0      1720.1472168     619.2490234    2136.6113281  
  60.0      1690.0947266     676.3334961    2131.8659668  
  80.0      1711.4982910     766.9988403    2135.2456055  
 100.0      1765.9172363     798.6906128    2143.8383789  
 120.0      1859.5346680     853.9383545    2158.6206055  
 140.0      3064.1721191     918.8822632    2348.8327637  
 160.0      3668.5170898     938.8822632    2444.2587891  
 180.0      4332.2011719     938.8822632    2549.0546875  
 200.0      5026.2163086     938.8822632    2658.6396484  
 220.0      5026.2377930     938.8822632    2658.6430664  
 240.0      5026.2377930     938.8822632    2658.6430664  
 260.0      5026.2377930     938.8822632    2658.6430664  
 280.0      5026.2377930     938.8822632    2658.6430664  
 300.0      5026.2377930     938.8822632    2658.6430664  
 320.0      4608.3798828    2148.7397461    2658.6430664  
 340.0      4596.2773438    2145.9196777    2658.6430664  
 360.0      4584.1752930    2143.0996094    2658.6430664  
 380.0      4572.0727539    2140.2795410    2658.6430664  
 400.0      4559.9707031    2137.4594727    2658.6430664  
 420.0      4547.8681641    2134.6394043    2658.6430664  
 440.0      4535.7656250    2131.8193359    2658.6430664  
 460.0      4523.6635742    2128.9990234    2658.6430664  
 480.0      4511.5610352    2126.1789551    2658.6430664  
 500.0      4499.4589844    2123.3588867    2658.6430664  
 520.0      4502.2670898    2127.6298828    2658.6430664  
 540.0      4505.0756836    2131.9006348    2658.6430664  
 560.0      4507.8837891    2136.1713867    2658.6430664  
 580.0      4510.6918945    2140.4423828    2658.6430664  
 600.0      4513.5004883    2144.7131348    2658.6430664  
 620.0      4516.3085938    2148.9838867    2658.6430664  
 640.0      4519.1166992    2153.2546387    2658.6430664  
 660.0      4521.9252930    2157.5256348    2658.6430664  
 680.0      4524.7333984    2161.7963867    2658.6430664  
 700.0      4527.5419922    2166.0671387    2658.6430664  
 720.0      4530.3500977    2170.3381348    2658.6430664  
 740.0      4533.1582031    2174.6088867    2658.6430664  
 760.0      4535.9667969    2178.8796387    2658.6430664  
 780.0      4538.7749023    2183.1503906    2658.6430664  
 800.0      4541.5830078    2187.4213867    2658.6430664  
 820.0      4544.3916016    2191.6921387    2658.6430664  
 840.0      4547.1997070    2195.9628906    2658.6430664  
 860.0      4550.0083008    2200.2338867    2658.6430664  
 880.0      4552.8164062    2204.5046387    2658.6430664  
 900.0      4555.6245117    2208.7753906    2658.6430664  
 920.0      4558.4331055    2213.0461426    2658.6430664  
 940.0      4561.2412109    2217.3171387    2658.6430664  
 960.0      4564.0498047    2221.5878906    2658.6430664  
 980.0      4566.8579102    2225.8586426    2658.6430664  
1000.0      4569.7260742    2230.2182617    2658.6523438  
1020.0      4582.7548828    2242.8620605    2659.4284668  
1040.0      4595.7846680    2255.5061035    2660.2045898  
1060.0      4608.8134766    2268.1501465    2660.9807129  
1080.0      4621.8427734    2280.7941895    2661.7568359  
1100.0      4634.8710938    2293.4379883    2662.5327148  
1120.0      4647.9003906    2306.0820312    2663.3088379  
1140.0      4660.9296875    2318.7260742    2664.0849609  
1160.0      4673.9584961    2331.3701172    2664.8608398  
1180.0      4686.9873047    2344.0139160    2665.6369629  
1200.0      4700.0161133    2356.6579590    2666.4130859  
1220.0      4713.0458984    2369.3020020    2667.1892090  
1240.0      4726.0747070    2381.9458008    2667.9650879  
1260.0      4739.1040039    2394.5898438    2668.7412109  
1280.0      4752.1328125    2407.2338867    2669.5173340  
1300.0      4765.1621094    2419.8776855    2670.2934570  
1320.0      4778.1909180    2432.5219727    2671.0693359  
1340.0      4791.2197266    2445.1660156    2671.8454590  
1360.0      4804.2490234    2457.8095703    2672.6215820  
1380.0      4817.2783203    2470.4536133    2673.3974609  
1400.0      4830.3071289    2483.0976562    2674.1738281  
1420.0      4843.3359375    2495.7414551    2674.9497070  
1440.0      4856.3652344    2508.3854980    2675.7258301  
1460.0      4869.3940430    2521.0295410    2676.5017090  
1480.0      4882.4238281    2533.6735840    2677.2778320  
1500.0      4895.4526367    2546.3176270    2678.0539551  
1520.0      4902.9272461    2554.0151367    2678.8300781  
1540.0      4910.4033203    2561.7126465    2679.6062012  
1560.0      4917.8784180    2569.4104004    2680.3820801  
1580.0      4925.3540039    2577.1079102    2681.1582031  
1600.0      4932.8291016    2584.8051758    2681.9340820  
1620.0      4940.3046875    2592.5029297    2682.7104492  
1640.0      4947.7797852    2600.2006836    2683.4863281  
1660.0      4955.2553711    2607.8981934    2684.2624512  
1680.0      4962.7304688    2615.5957031    2685.0385742  
1700.0      4970.2060547    2623.2934570    2685.8144531  
1720.0      4977.6811523    2630.9909668    2686.5905762  
1740.0      4985.1572266    2638.6884766    2687.3666992  
1760.0      4992.6323242    2646.3859863    2688.1428223  
1780.0      5000.1079102    2654.0837402    2688.9189453  
1800.0      5007.5825195    2661.7810059    2689.6948242  
1820.0      5015.0581055    2669.4790039    2690.4709473  
1840.0      5022.5332031    2677.1762695    2691.2470703  
1860.0      5030.0087891    2684.8740234    2692.0229492  
1880.0      5037.4843750    2692.5717773    2692.7990723  
1900.0      5044.9599609    2700.2692871    2693.5751953  
1920.0      5052.4355469    2707.9665527    2694.3513184  
1940.0      5059.9111328    2715.6645508    2695.1274414  
1960.0      5067.3857422    2723.3618164    2695.9033203  
1980.0      5074.8608398    2731.0593262    2696.6794434  
2000.0      5082.3364258    2738.7568359    2697.4555664  
2020.0      5088.4262695    2746.5043945    2698.2314453  
2040.0      5094.5156250    2754.2512207    2699.0075684  
2060.0      5100.6054688    2761.9982910    2699.7836914  
2080.0      5106.6948242    2769.7453613    2700.5595703  
2100.0      5112.7836914    2777.4926758    2701.3356934  
2120.0      5118.8740234    2785.2397461    2702.1118164  
2140.0      5124.9628906    2792.9868164    2702.8879395  
2160.0      5131.0527344    2800.7338867    2703.6640625  
2180.0      5137.1420898    2808.4809570    2704.4399414  
2200.0      5143.2314453    2816.2282715    2705.2160645  
2220.0      5149.3212891    2823.9753418    2705.9921875  
2240.0      5155.4111328    2831.7224121    2706.7683105  
2260.0      5161.5000000    2839.4692383    2707.5441895  
2280.0      5167.5898438    2847.2167969    2708.3203125  
2300.0      5173.6791992    2854.9636230    2709.0964355  
2320.0      5179.7685547    2862.7109375    2709.8725586  
2340.0      5185.8574219    2870.4577637    2710.6484375  
2360.0      5191.9477539    2878.2053223    2711.4245605  
2380.0      5198.0371094    2885.9521484    2712.2006836  
2400.0      5204.1264648    2893.6994629    2712.9765625  
2420.0      5210.2163086    2901.4462891    2713.7526855  
2440.0      5216.3061523    2909.1936035    2714.5288086  
2460.0      5222.3950195    2916.9406738    2715.3049316  
2480.0      5228.4848633    2924.6879883    2716.0810547  
2500.0      5234.5737305    2932.4348145    2716.8569336  
2520.0      5235.0439453    2934.4597168    2717.6330566  
2540.0      5235.5131836    2936.4841309    2718.4091797  
2560.0      5235.9824219    2938.5087891    2719.1853027  
2580.0      5236.4516602    2940.5332031    2719.9611816  
2600.0      5236.9213867    2942.5578613    2720.7373047  
2620.0      5237.3906250    2944.5825195    2721.5131836  
2640.0      5237.8598633    2946.6071777    2722.2895508  
2660.0      5238.3295898    2948.6318359    2723.0654297  
2680.0      5238.7993164    2950.6564941    2723.8415527  
2700.0      5239.2690430    2952.6809082    2724.6176758  
2720.0      5239.7377930    2954.7055664    2725.3935547  
2740.0      5240.2075195    2956.7302246    2726.1696777  
2760.0      5240.6767578    2958.7548828    2726.9458008  
2780.0      5241.1459961    2960.7792969    2727.7219238  
2800.0      5241.6157227    2962.8037109    2728.4980469  
2820.0      5242.0854492    2964.8286133    2729.2739258  
2840.0      5242.5551758    2966.8530273    2730.0500488  
2860.0      5243.0244141    2968.8779297    2730.8261719  
2880.0      5243.4931641    2970.9025879    2731.6020508  
2900.0      5243.9633789    2972.9270020    2732.3784180  
2920.0      5244.4321289    2974.9516602    2733.1542969  
2940.0      5244.9018555    2976.9763184    2733.9304199  
2960.0      5245.3710938    2979.0007324    2734.7062988  
2980.0      5245.8413086    2981.0256348    2735.4824219  
3000.0      5246.3100586    2983.0498047    2736.2585449  
3020.0      5245.9282227    2983.9985352    2737.0346680  
3040.0      5245.5458984    2984.9467773    2737.8105469  
3060.0      5245.1640625    2985.8952637    2738.5866699  
3080.0      5244.7822266    2986.8435059    2739.3627930  
3100.0      5244.3994141    2987.7922363    2740.1386719  
3120.0      5244.0175781    2988.7402344    2740.9150391  
3140.0      5243.6352539    2989.6887207    2741.6909180  
3160.0      5243.2534180    2990.6369629    2742.4670410  
3180.0      5242.8715820    2991.5856934    2743.2431641  
3200.0      5242.4892578    2992.5339355    2744.0190430  
3220.0      5242.1074219    2993.4821777    2744.7951660  
3240.0      5241.7255859    2994.4306641    2745.5712891  
3260.0      5241.3427734    2995.3793945    2746.3471680  
3280.0      5240.9609375    2996.3273926    2747.1232910  
3300.0      5240.5786133    2997.2758789    2747.8994141  
3320.0      5240.1967773    2998.2243652    2748.6755371  
3340.0      5239.8149414    2999.1723633    2749.4516602  
3360.0      5239.4331055    3000.1210938    2750.2275391  
3380.0      5239.0507812    3001.0693359    2751.0036621  
3400.0      5238.6684570    3002.0178223    2751.7797852  
3420.0      5238.2861328    3002.9663086    2752.5556641  
3440.0      5237.9042969    3003.9147949    2753.3317871  
3460.0      5237.5224609    3004.8627930    2754.1079102  
3480.0      5237.1406250    3005.8115234    2754.8840332  
3500.0      5236.7578125    3006.7597656    2755.6601562  
3520.0      5238.3891602    3009.0480957    2756.4360352  
3540.0      5240.0195312    3011.3361816    2757.2121582  
3560.0      5241.6503906    3013.6245117    2757.9882812  
3580.0      5243.2817383    3015.9125977    2758.7641602  
3600.0      5244.9121094    3018.2006836    2759.5402832  
3620.0      5246.5429688    3020.4892578    2760.3164062  
3640.0      5248.1738281    3022.7773438    2761.0925293  
3660.0      5249.8051758    3025.0654297    2761.8686523  
3680.0      5251.4355469    3027.3540039    2762.6445312  
3700.0      5253.0664062    3029.6418457    2763.4206543  
3720.0      5254.6972656    3031.9304199    2764.1967773  
3740.0      5256.3281250    3034.2185059    2764.9726562  
3760.0      5257.9594727    3036.5065918    2765.7490234  
3780.0      5259.5898438    3038.7949219    2766.5249023  
3800.0      5261.2207031    3041.0830078    2767.3007812  
3820.0      5262.8520508    3043.3713379    2768.0771484  
3840.0      5264.4824219    3045.6596680    2768.8530273  
3860.0      5266.1132812    3047.9477539    2769.6291504  
3880.0      5267.7446289    3050.2360840    2770.4052734  
3900.0      5269.3754883    3052.5244141    2771.1813965  
3920.0      5271.0058594    3054.8125000    2771.9572754  
3940.0      5272.6367188    3057.1008301    2772.7333984  
3960.0      5274.2675781    3059.3889160    2773.5095215  
3980.0      5275.8984375    3061.6772461    2774.2856445  
4000.0      5277.5292969    3063.9653320    2775.0615234  
4020.0      5279.7827148    3065.8178711    2775.8376465  
4040.0      5282.0361328    3067.6706543    2776.6137695  
4060.0      5284.2900391    3069.5227051    2777.3896484  
4080.0      5286.5429688    3071.3754883    2778.1657715  
4100.0      5288.7968750    3073.2280273    2778.9418945  
4120.0      5291.0498047    3075.0803223    2779.7177734  
4140.0      5293.3041992    3076.9331055    2780.4941406  
4160.0      5295.5571289    3078.7856445    2781.2700195  
4180.0      5297.8110352    3080.6376953    2782.0461426  
4200.0      5300.0644531    3082.4902344    2782.8222656  
4220.0      5302.3178711    3084.3430176    2783.5981445  
4240.0      5304.5712891    3086.1953125    2784.3742676  
4260.0      5306.8247070    3088.0478516    2785.1503906  
4280.0      5309.0781250    3089.9006348    2785.9262695  
4300.0      5311.3320312    3091.7531738    2786.7026367  
4320.0      5313.5854492    3093.6054688    2787.4785156  
4340.0      5315.8388672    3095.4580078    2788.2546387  
4360.0      5318.0922852    3097.3103027    2789.0307617  
4380.0      5320.3461914    3099.1628418    2789.8066406  
4400.0      5322.5991211    3101.0153809    2790.5827637  
4420.0      5324.8525391    3102.8681641    2791.3588867  
4440.0      5327.1059570    3104.7204590    2792.1347656  
4460.0      5329.3593750    3106.5729980    2792.9108887  
4480.0      5331.6132812    3108.4255371    2793.6870117  
4500.0      5333.8662109    3110.2778320    2794.4628906  
4520.0      5340.5952148    3114.6975098    2795.2392578  
4540.0      5347.3237305    3119.1171875    2796.0151367  
4560.0      5354.0517578    3123.5366211    2796.7912598  
4580.0      5360.7797852    3127.9560547    2797.5673828  
4600.0      5367.5083008    3132.3757324    2798.3435059  
4620.0      5374.2363281    3136.7954102    2799.1193848  
4640.0      5380.9648438    3141.2148438    2799.8955078  
4660.0      5387.6928711    3145.6342773    2800.6716309  
4680.0      5394.4208984    3150.0539551    2801.4477539  
4700.0      5401.1489258    3154.4733887    2802.2236328  
4720.0      5407.8774414    3158.8930664    2802.9997559  
4740.0      5414.6059570    3163.3125000    2803.7758789  
4760.0      5421.3344727    3167.7321777    2804.5517578  
4780.0      5428.0625000    3172.1518555    2805.3281250  
4800.0      5434.7905273    3176.5710449    2806.1040039  
4820.0      5441.5185547    3180.9909668    2806.8798828  
4840.0      5448.2475586    3185.4104004    2807.6562500  
4860.0      5454.9755859    3189.8298340    2808.4321289  
4880.0      5461.7036133    3194.2495117    2809.2082520  
4900.0      5468.4321289    3198.6689453    2809.9843750  
4920.0      5475.1606445    3203.0883789    2810.7604980  
4940.0      5481.8886719    3207.5083008    2811.5363770  
4960.0      5488.6162109    3211.9274902    2812.3125000  
4980.0      5495.3447266    3216.3471680    2813.0886230  
5000.0      5502.0732422    3220.7666016    2813.8647461  
