# CI_PER -117.20519400 33.86163491
# 
# Depth (m)   Vp (m/s)        Vs(m/s)      Density(kg/m3)
   0.0      5205.3925781    2880.8583984    2782.4685059  
  20.0      5205.6074219    2880.8940430    2782.4685059  
  40.0      5205.8217773    2880.9294434    2782.4685059  
  60.0      5206.0366211    2880.9650879    2782.4685059  
  80.0      5206.2514648    2881.0007324    2782.4685059  
 100.0      5206.4663086    2881.0361328    2782.4685059  
 120.0      5206.6806641    2881.0717773    2782.4685059  
 140.0      5206.8955078    2881.1074219    2782.4685059  
 160.0      5207.1103516    2881.1428223    2782.4685059  
 180.0      5207.3251953    2881.1784668    2782.4685059  
 200.0      5207.5395508    2881.2141113    2782.4685059  
 220.0      5207.7543945    2881.2495117    2782.4685059  
 240.0      5207.9692383    2881.2851562    2782.4685059  
 260.0      5208.1840820    2881.3208008    2782.4685059  
 280.0      5208.3984375    2881.3562012    2782.4685059  
 300.0      5208.6132812    2881.3918457    2782.4685059  
 320.0      5208.8281250    2881.4274902    2782.4685059  
 340.0      5209.0429688    2881.4628906    2782.4685059  
 360.0      5209.2578125    2881.4985352    2782.4685059  
 380.0      5209.4721680    2881.5341797    2782.4685059  
 400.0      5209.6870117    2881.5695801    2782.4685059  
 420.0      5209.9018555    2881.6052246    2782.4685059  
 440.0      5210.1162109    2881.6408691    2782.4685059  
 460.0      5210.3310547    2881.6762695    2782.4685059  
 480.0      5210.5458984    2881.7119141    2782.4685059  
 500.0      5210.7607422    2881.7475586    2782.4685059  
 520.0      5216.0537109    2888.3837891    2782.4685059  
 540.0      5221.3466797    2895.0200195    2782.4685059  
 560.0      5226.6391602    2901.6562500    2782.4685059  
 580.0      5231.9321289    2908.2924805    2782.4685059  
 600.0      5237.2250977    2914.9287109    2782.4685059  
 620.0      5242.5180664    2921.5649414    2782.4685059  
 640.0      5247.8105469    2928.2011719    2782.4685059  
 660.0      5253.1035156    2934.8376465    2782.4685059  
 680.0      5258.3964844    2941.4738770    2782.4685059  
 700.0      5263.6894531    2948.1101074    2782.4685059  
 720.0      5268.9824219    2954.7463379    2782.4685059  
 740.0      5274.2753906    2961.3825684    2782.4685059  
 760.0      5279.5678711    2968.0187988    2782.4685059  
 780.0      5284.8608398    2974.6550293    2782.4685059  
 800.0      5290.1538086    2981.2915039    2782.4685059  
 820.0      5295.4467773    2987.9277344    2782.4685059  
 840.0      5300.7392578    2994.5639648    2782.4685059  
 860.0      5306.0322266    3001.2001953    2782.4685059  
 880.0      5311.3251953    3007.8364258    2782.4685059  
 900.0      5316.6181641    3014.4726562    2782.4685059  
 920.0      5321.9111328    3021.1088867    2782.4685059  
 940.0      5327.2036133    3027.7451172    2782.4685059  
 960.0      5332.4965820    3034.3813477    2782.4685059  
 980.0      5337.7895508    3041.0175781    2782.4685059  
1000.0      5343.1059570    3047.6506348    2782.4721680  
1020.0      5350.8056641    3054.4458008    2782.7731934  
1040.0      5358.5063477    3061.2416992    2783.0744629  
1060.0      5366.2065430    3068.0371094    2783.3754883  
1080.0      5373.9072266    3074.8330078    2783.6767578  
1100.0      5381.6074219    3081.6286621    2783.9777832  
1120.0      5389.3076172    3088.4243164    2784.2788086  
1140.0      5397.0078125    3095.2199707    2784.5798340  
1160.0      5404.7084961    3102.0156250    2784.8811035  
1180.0      5412.4086914    3108.8110352    2785.1821289  
1200.0      5420.1088867    3115.6066895    2785.4831543  
1220.0      5427.8095703    3122.4023438    2785.7841797  
1240.0      5435.5097656    3129.1979980    2786.0854492  
1260.0      5443.2099609    3135.9934082    2786.3864746  
1280.0      5450.9106445    3142.7893066    2786.6875000  
1300.0      5458.6113281    3149.5849609    2786.9887695  
1320.0      5466.3110352    3156.3801270    2787.2895508  
1340.0      5474.0117188    3163.1762695    2787.5908203  
1360.0      5481.7119141    3169.9719238    2787.8918457  
1380.0      5489.4121094    3176.7673340    2788.1928711  
1400.0      5497.1123047    3183.5627441    2788.4941406  
1420.0      5504.8129883    3190.3586426    2788.7951660  
1440.0      5512.5126953    3197.1540527    2789.0961914  
1460.0      5520.2133789    3203.9497070    2789.3974609  
1480.0      5527.9135742    3210.7456055    2789.6984863  
1500.0      5535.6142578    3217.5412598    2789.9995117  
1520.0      5537.9013672    3218.9504395    2790.3005371  
1540.0      5540.1894531    3220.3605957    2790.6018066  
1560.0      5542.4770508    3221.7700195    2790.9028320  
1580.0      5544.7651367    3223.1799316    2791.2041016  
1600.0      5547.0517578    3224.5893555    2791.5048828  
1620.0      5549.3398438    3225.9992676    2791.8061523  
1640.0      5551.6274414    3227.4086914    2792.1071777  
1660.0      5553.9155273    3228.8188477    2792.4082031  
1680.0      5556.2031250    3230.2280273    2792.7094727  
1700.0      5558.4907227    3231.6381836    2793.0104980  
1720.0      5560.7783203    3233.0478516    2793.3115234  
1740.0      5563.0659180    3234.4575195    2793.6125488  
1760.0      5565.3530273    3235.8669434    2793.9135742  
1780.0      5567.6411133    3237.2768555    2794.2148438  
1800.0      5569.9291992    3238.6862793    2794.5161133  
1820.0      5572.2163086    3240.0961914    2794.8168945  
1840.0      5574.5039062    3241.5056152    2795.1181641  
1860.0      5576.7919922    3242.9155273    2795.4191895  
1880.0      5579.0795898    3244.3251953    2795.7202148  
1900.0      5581.3671875    3245.7351074    2796.0214844  
1920.0      5583.6542969    3247.1445312    2796.3225098  
1940.0      5585.9423828    3248.5544434    2796.6235352  
1960.0      5588.2299805    3249.9641113    2796.9248047  
1980.0      5590.5175781    3251.3737793    2797.2258301  
2000.0      5592.8051758    3252.7832031    2797.5268555  
2020.0      5595.2187500    3254.3024902    2797.8281250  
2040.0      5597.6318359    3255.8212891    2798.1289062  
2060.0      5600.0454102    3257.3403320    2798.4301758  
2080.0      5602.4580078    3258.8593750    2798.7312012  
2100.0      5604.8710938    3260.3779297    2799.0322266  
2120.0      5607.2846680    3261.8974609    2799.3334961  
2140.0      5609.6977539    3263.4165039    2799.6345215  
2160.0      5612.1108398    3264.9353027    2799.9355469  
2180.0      5614.5239258    3266.4541016    2800.2365723  
2200.0      5616.9375000    3267.9736328    2800.5378418  
2220.0      5619.3505859    3269.4921875    2800.8388672  
2240.0      5621.7636719    3271.0112305    2801.1398926  
2260.0      5624.1767578    3272.5302734    2801.4409180  
2280.0      5626.5903320    3274.0495605    2801.7421875  
2300.0      5629.0034180    3275.5683594    2802.0432129  
2320.0      5631.4165039    3277.0874023    2802.3442383  
2340.0      5633.8295898    3278.6062012    2802.6455078  
2360.0      5636.2431641    3280.1254883    2802.9465332  
2380.0      5638.6557617    3281.6445312    2803.2475586  
2400.0      5641.0693359    3283.1633301    2803.5488281  
2420.0      5643.4824219    3284.6821289    2803.8498535  
2440.0      5645.8955078    3286.2019043    2804.1508789  
2460.0      5648.3085938    3287.7204590    2804.4519043  
2480.0      5650.7221680    3289.2395020    2804.7531738  
2500.0      5653.1347656    3290.7585449    2805.0541992  
2520.0      5650.6420898    3287.6062012    2805.3552246  
2540.0      5648.1484375    3284.4541016    2805.6562500  
2560.0      5645.6552734    3281.3015137    2805.9575195  
2580.0      5643.1616211    3278.1491699    2806.2585449  
2600.0      5640.6684570    3274.9973145    2806.5595703  
2620.0      5638.1752930    3271.8444824    2806.8608398  
2640.0      5635.6816406    3268.6923828    2807.1618652  
2660.0      5633.1884766    3265.5402832    2807.4628906  
2680.0      5630.6953125    3262.3881836    2807.7641602  
2700.0      5628.2021484    3259.2358398    2808.0651855  
2720.0      5625.7084961    3256.0834961    2808.3662109  
2740.0      5623.2158203    3252.9313965    2808.6674805  
2760.0      5620.7216797    3249.7788086    2808.9682617  
2780.0      5618.2290039    3246.6267090    2809.2695312  
2800.0      5615.7348633    3243.4741211    2809.5705566  
2820.0      5613.2421875    3240.3220215    2809.8715820  
2840.0      5610.7490234    3237.1696777    2810.1728516  
2860.0      5608.2553711    3234.0175781    2810.4738770  
2880.0      5605.7622070    3230.8652344    2810.7749023  
2900.0      5603.2690430    3227.7131348    2811.0761719  
2920.0      5600.7753906    3224.5607910    2811.3769531  
2940.0      5598.2822266    3221.4084473    2811.6782227  
2960.0      5595.7885742    3218.2561035    2811.9792480  
2980.0      5593.2954102    3215.1040039    2812.2802734  
3000.0      5590.8017578    3211.9516602    2812.5815430  
3020.0      5588.1269531    3208.9357910    2812.8825684  
3040.0      5585.4526367    3205.9204102    2813.1835938  
3060.0      5582.7773438    3202.9050293    2813.4848633  
3080.0      5580.1025391    3199.8896484    2813.7858887  
3100.0      5577.4277344    3196.8740234    2814.0869141  
3120.0      5574.7529297    3193.8583984    2814.3881836  
3140.0      5572.0781250    3190.8427734    2814.6892090  
3160.0      5569.4028320    3187.8273926    2814.9902344  
3180.0      5566.7280273    3184.8120117    2815.2912598  
3200.0      5564.0537109    3181.7963867    2815.5922852  
3220.0      5561.3779297    3178.7807617    2815.8935547  
3240.0      5558.7036133    3175.7653809    2816.1945801  
3260.0      5556.0288086    3172.7497559    2816.4956055  
3280.0      5553.3535156    3169.7343750    2816.7966309  
3300.0      5550.6791992    3166.7189941    2817.0979004  
3320.0      5548.0039062    3163.7031250    2817.3989258  
3340.0      5545.3291016    3160.6877441    2817.6999512  
3360.0      5542.6542969    3157.6721191    2818.0012207  
3380.0      5539.9790039    3154.6567383    2818.3022461  
3400.0      5537.3046875    3151.6411133    2818.6032715  
3420.0      5534.6293945    3148.6257324    2818.9042969  
3440.0      5531.9545898    3145.6101074    2819.2055664  
3460.0      5529.2802734    3142.5947266    2819.5065918  
3480.0      5526.6049805    3139.5791016    2819.8076172  
3500.0      5523.9301758    3136.5637207    2820.1088867  
3520.0      5522.5766602    3133.9738770    2820.4099121  
3540.0      5521.2226562    3131.3840332    2820.7109375  
3560.0      5519.8691406    3128.7944336    2821.0122070  
3580.0      5518.5156250    3126.2048340    2821.3129883  
3600.0      5517.1621094    3123.6152344    2821.6142578  
3620.0      5515.8085938    3121.0253906    2821.9152832  
3640.0      5514.4550781    3118.4355469    2822.2163086  
3660.0      5513.1010742    3115.8459473    2822.5175781  
3680.0      5511.7475586    3113.2561035    2822.8186035  
3700.0      5510.3940430    3110.6667480    2823.1196289  
3720.0      5509.0405273    3108.0766602    2823.4208984  
3740.0      5507.6870117    3105.4870605    2823.7219238  
3760.0      5506.3330078    3102.8974609    2824.0229492  
3780.0      5504.9799805    3100.3076172    2824.3242188  
3800.0      5503.6259766    3097.7177734    2824.6252441  
3820.0      5502.2724609    3095.1281738    2824.9262695  
3840.0      5500.9194336    3092.5383301    2825.2275391  
3860.0      5499.5649414    3089.9487305    2825.5283203  
3880.0      5498.2119141    3087.3591309    2825.8295898  
3900.0      5496.8583984    3084.7692871    2826.1306152  
3920.0      5495.5043945    3082.1796875    2826.4316406  
3940.0      5494.1503906    3079.5898438    2826.7329102  
3960.0      5492.7968750    3077.0002441    2827.0339355  
3980.0      5491.4438477    3074.4104004    2827.3349609  
4000.0      5490.0898438    3071.8208008    2827.6359863  
4020.0      5488.8393555    3070.0661621    2827.9370117  
4040.0      5487.5893555    3068.3120117    2828.2382812  
4060.0      5486.3388672    3066.5576172    2828.5393066  
4080.0      5485.0878906    3064.8034668    2828.8403320  
4100.0      5483.8374023    3063.0488281    2829.1416016  
4120.0      5482.5874023    3061.2946777    2829.4426270  
4140.0      5481.3369141    3059.5400391    2829.7436523  
4160.0      5480.0864258    3057.7858887    2830.0449219  
4180.0      5478.8354492    3056.0314941    2830.3459473  
4200.0      5477.5854492    3054.2770996    2830.6469727  
4220.0      5476.3344727    3052.5227051    2830.9479980  
4240.0      5475.0839844    3050.7683105    2831.2492676  
4260.0      5473.8339844    3049.0139160    2831.5502930  
4280.0      5472.5834961    3047.2592773    2831.8515625  
4300.0      5471.3330078    3045.5051270    2832.1523438  
4320.0      5470.0820312    3043.7504883    2832.4536133  
4340.0      5468.8320312    3041.9963379    2832.7546387  
4360.0      5467.5810547    3040.2419434    2833.0556641  
4380.0      5466.3310547    3038.4877930    2833.3569336  
4400.0      5465.0800781    3036.7331543    2833.6579590  
4420.0      5463.8295898    3034.9790039    2833.9589844  
4440.0      5462.5791016    3033.2243652    2834.2600098  
4460.0      5461.3291016    3031.4702148    2834.5612793  
4480.0      5460.0776367    3029.7158203    2834.8623047  
4500.0      5458.8276367    3027.9614258    2835.1633301  
4520.0      5462.0493164    3030.9707031    2835.4645996  
4540.0      5465.2705078    3033.9794922    2835.7656250  
4560.0      5468.4916992    3036.9885254    2836.0666504  
4580.0      5471.7128906    3039.9978027    2836.3676758  
4600.0      5474.9340820    3043.0070801    2836.6689453  
4620.0      5478.1552734    3046.0161133    2836.9699707  
4640.0      5481.3769531    3049.0253906    2837.2709961  
4660.0      5484.5986328    3052.0346680    2837.5722656  
4680.0      5487.8198242    3055.0437012    2837.8732910  
4700.0      5491.0415039    3058.0529785    2838.1743164  
4720.0      5494.2626953    3061.0622559    2838.4753418  
4740.0      5497.4838867    3064.0712891    2838.7763672  
4760.0      5500.7050781    3067.0805664    2839.0776367  
4780.0      5503.9267578    3070.0898438    2839.3786621  
4800.0      5507.1479492    3073.0988770    2839.6796875  
4820.0      5510.3691406    3076.1079102    2839.9809570  
4840.0      5513.5903320    3079.1171875    2840.2819824  
4860.0      5516.8115234    3082.1264648    2840.5830078  
4880.0      5520.0327148    3085.1352539    2840.8840332  
4900.0      5523.2543945    3088.1445312    2841.1853027  
4920.0      5526.4760742    3091.1535645    2841.4863281  
4940.0      5529.6967773    3094.1628418    2841.7873535  
4960.0      5532.9184570    3097.1721191    2842.0886230  
4980.0      5536.1396484    3100.1813965    2842.3896484  
5000.0      5539.3608398    3103.1904297    2842.6906738  
