# CI_LPC -117.54649906 34.31481812
# 
# Depth (m)   Vp (m/s)        Vs(m/s)      Density(kg/m3)
   0.0      3790.2854004    1970.5095215    2757.7880859  
  20.0      3790.3286133    1970.4788818    2757.7880859  
  40.0      3790.3720703    1970.4482422    2757.7880859  
  60.0      3790.4150391    1970.4176025    2757.7880859  
  80.0      3790.4584961    1970.3869629    2757.7880859  
 100.0      3790.5017090    1970.3563232    2757.7880859  
 120.0      3790.5449219    1970.3256836    2757.7880859  
 140.0      3790.5883789    1970.2950439    2757.7880859  
 160.0      3790.6315918    1970.2644043    2757.7880859  
 180.0      3790.6748047    1970.2337646    2757.7880859  
 200.0      3790.7182617    1970.2031250    2757.7880859  
 220.0      3790.7612305    1970.1724854    2757.7880859  
 240.0      3790.8046875    1970.1418457    2757.7880859  
 260.0      3790.8479004    1970.1112061    2757.7880859  
 280.0      3790.8911133    1970.0805664    2757.7880859  
 300.0      3790.9345703    1970.0499268    2757.7880859  
 320.0      3790.9777832    1970.0192871    2757.7880859  
 340.0      3791.0209961    1969.9886475    2757.7880859  
 360.0      3791.0644531    1969.9581299    2757.7880859  
 380.0      3791.1074219    1969.9274902    2757.7880859  
 400.0      3791.1508789    1969.8968506    2757.7880859  
 420.0      3791.1940918    1969.8662109    2757.7880859  
 440.0      3791.2373047    1969.8355713    2757.7880859  
 460.0      3791.2807617    1969.8049316    2757.7880859  
 480.0      3791.3239746    1969.7742920    2757.7880859  
 500.0      3791.3671875    1969.7436523    2757.7880859  
 520.0      3803.3344727    1979.4345703    2757.7880859  
 540.0      3815.3012695    1989.1254883    2757.7880859  
 560.0      3827.2685547    1998.8165283    2757.7880859  
 580.0      3839.2355957    2008.5074463    2757.7880859  
 600.0      3851.2026367    2018.1983643    2757.7880859  
 620.0      3863.1696777    2027.8892822    2757.7880859  
 640.0      3875.1367188    2037.5803223    2757.7880859  
 660.0      3887.1040039    2047.2712402    2757.7880859  
 680.0      3899.0708008    2056.9621582    2757.7880859  
 700.0      3911.0380859    2066.6530762    2757.7880859  
 720.0      3923.0051270    2076.3439941    2757.7880859  
 740.0      3934.9721680    2086.0351562    2757.7880859  
 760.0      3946.9392090    2095.7260742    2757.7880859  
 780.0      3958.9062500    2105.4169922    2757.7880859  
 800.0      3970.8735352    2115.1079102    2757.7880859  
 820.0      3982.8405762    2124.7988281    2757.7880859  
 840.0      3994.8076172    2134.4897461    2757.7880859  
 860.0      4006.7746582    2144.1806641    2757.7880859  
 880.0      4018.7416992    2153.8715820    2757.7880859  
 900.0      4030.7089844    2163.5625000    2757.7880859  
 920.0      4042.6757812    2173.2534180    2757.7880859  
 940.0      4054.6430664    2182.9443359    2757.7880859  
 960.0      4066.6101074    2192.6354980    2757.7880859  
 980.0      4078.5771484    2202.3264160    2757.7880859  
1000.0      4090.5627441    2212.0415039    2757.7910156  
1020.0      4105.5615234    2224.5280762    2758.0273438  
1040.0      4120.5605469    2237.0148926    2758.2639160  
1060.0      4135.5595703    2249.5014648    2758.5004883  
1080.0      4150.5585938    2261.9885254    2758.7368164  
1100.0      4165.5576172    2274.4753418    2758.9733887  
1120.0      4180.5576172    2286.9621582    2759.2099609  
1140.0      4195.5566406    2299.4489746    2759.4465332  
1160.0      4210.5556641    2311.9360352    2759.6828613  
1180.0      4225.5546875    2324.4228516    2759.9194336  
1200.0      4240.5537109    2336.9096680    2760.1557617  
1220.0      4255.5527344    2349.3964844    2760.3923340  
1240.0      4270.5517578    2361.8833008    2760.6289062  
1260.0      4285.5512695    2374.3701172    2760.8652344  
1280.0      4300.5502930    2386.8569336    2761.1018066  
1300.0      4315.5493164    2399.3437500    2761.3383789  
1320.0      4330.5483398    2411.8305664    2761.5747070  
1340.0      4345.5473633    2424.3173828    2761.8112793  
1360.0      4360.5463867    2436.8041992    2762.0476074  
1380.0      4375.5454102    2449.2907715    2762.2841797  
1400.0      4390.5449219    2461.7775879    2762.5207520  
1420.0      4405.5439453    2474.2641602    2762.7570801  
1440.0      4420.5434570    2486.7512207    2762.9936523  
1460.0      4435.5424805    2499.2380371    2763.2302246  
1480.0      4450.5415039    2511.7248535    2763.4665527  
1500.0      4465.5410156    2524.2116699    2763.7031250  
1520.0      4477.3842773    2533.0239258    2763.9396973  
1540.0      4489.2275391    2541.8364258    2764.1760254  
1560.0      4501.0708008    2550.6486816    2764.4125977  
1580.0      4512.9145508    2559.4609375    2764.6491699  
1600.0      4524.7573242    2568.2731934    2764.8854980  
1620.0      4536.6010742    2577.0856934    2765.1220703  
1640.0      4548.4443359    2585.8979492    2765.3583984  
1660.0      4560.2880859    2594.7104492    2765.5949707  
1680.0      4572.1313477    2603.5222168    2765.8315430  
1700.0      4583.9750977    2612.3347168    2766.0678711  
1720.0      4595.8188477    2621.1469727    2766.3044434  
1740.0      4607.6621094    2629.9594727    2766.5410156  
1760.0      4619.5048828    2638.7714844    2766.7773438  
1780.0      4631.3486328    2647.5839844    2767.0139160  
1800.0      4643.1918945    2656.3962402    2767.2504883  
1820.0      4655.0356445    2665.2084961    2767.4868164  
1840.0      4666.8784180    2674.0205078    2767.7231445  
1860.0      4678.7221680    2682.8332520    2767.9599609  
1880.0      4690.5654297    2691.6452637    2768.1962891  
1900.0      4702.4091797    2700.4575195    2768.4326172  
1920.0      4714.2529297    2709.2700195    2768.6694336  
1940.0      4726.0957031    2718.0820312    2768.9057617  
1960.0      4737.9394531    2726.8947754    2769.1420898  
1980.0      4749.7827148    2735.7070312    2769.3786621  
2000.0      4761.6259766    2744.5190430    2769.6152344  
2020.0      4774.5556641    2754.1098633    2769.8515625  
2040.0      4787.4843750    2763.7001953    2770.0881348  
2060.0      4800.4140625    2773.2907715    2770.3247070  
2080.0      4813.3432617    2782.8813477    2770.5610352  
2100.0      4826.2724609    2792.4716797    2770.7976074  
2120.0      4839.2021484    2802.0622559    2771.0341797  
2140.0      4852.1313477    2811.6528320    2771.2705078  
2160.0      4865.0605469    2821.2434082    2771.5070801  
2180.0      4877.9897461    2830.8337402    2771.7434082  
2200.0      4890.9194336    2840.4245605    2771.9799805  
2220.0      4903.8486328    2850.0146484    2772.2165527  
2240.0      4916.7778320    2859.6054688    2772.4528809  
2260.0      4929.7070312    2869.1958008    2772.6894531  
2280.0      4942.6367188    2878.7866211    2772.9260254  
2300.0      4955.5654297    2888.3771973    2773.1623535  
2320.0      4968.4951172    2897.9677734    2773.3989258  
2340.0      4981.4243164    2907.5581055    2773.6352539  
2360.0      4994.3540039    2917.1486816    2773.8718262  
2380.0      5007.2827148    2926.7390137    2774.1083984  
2400.0      5020.2124023    2936.3298340    2774.3447266  
2420.0      5033.1416016    2945.9201660    2774.5812988  
2440.0      5046.0712891    2955.5109863    2774.8178711  
2460.0      5059.0000000    2965.1013184    2775.0541992  
2480.0      5071.9296875    2974.6918945    2775.2907715  
2500.0      5084.8593750    2984.2822266    2775.5273438  
2520.0      5092.1577148    2988.6342773    2775.7636719  
2540.0      5099.4560547    2992.9855957    2776.0002441  
2560.0      5106.7543945    2997.3374023    2776.2368164  
2580.0      5114.0527344    3001.6889648    2776.4731445  
2600.0      5121.3515625    3006.0405273    2776.7097168  
2620.0      5128.6494141    3010.3923340    2776.9460449  
2640.0      5135.9482422    3014.7436523    2777.1826172  
2660.0      5143.2465820    3019.0957031    2777.4189453  
2680.0      5150.5449219    3023.4475098    2777.6555176  
2700.0      5157.8437500    3027.7988281    2777.8920898  
2720.0      5165.1420898    3032.1506348    2778.1284180  
2740.0      5172.4404297    3036.5021973    2778.3649902  
2760.0      5179.7392578    3040.8537598    2778.6015625  
2780.0      5187.0375977    3045.2055664    2778.8378906  
2800.0      5194.3364258    3049.5571289    2779.0744629  
2820.0      5201.6352539    3053.9089355    2779.3110352  
2840.0      5208.9331055    3058.2602539    2779.5473633  
2860.0      5216.2319336    3062.6123047    2779.7839355  
2880.0      5223.5297852    3066.9636230    2780.0202637  
2900.0      5230.8286133    3071.3156738    2780.2568359  
2920.0      5238.1274414    3075.6669922    2780.4934082  
2940.0      5245.4252930    3080.0187988    2780.7297363  
2960.0      5252.7241211    3084.3703613    2780.9663086  
2980.0      5260.0224609    3088.7219238    2781.2028809  
3000.0      5267.3208008    3093.0737305    2781.4392090  
3020.0      5274.6113281    3097.3276367    2781.6757812  
3040.0      5281.9003906    3101.5810547    2781.9121094  
3060.0      5289.1904297    3105.8347168    2782.1486816  
3080.0      5296.4799805    3110.0883789    2782.3852539  
3100.0      5303.7695312    3114.3420410    2782.6215820  
3120.0      5311.0600586    3118.5957031    2782.8581543  
3140.0      5318.3496094    3122.8493652    2783.0947266  
3160.0      5325.6391602    3127.1032715    2783.3310547  
3180.0      5332.9291992    3131.3569336    2783.5676270  
3200.0      5340.2192383    3135.6105957    2783.8041992  
3220.0      5347.5087891    3139.8640137    2784.0405273  
3240.0      5354.7983398    3144.1179199    2784.2770996  
3260.0      5362.0878906    3148.3715820    2784.5136719  
3280.0      5369.3779297    3152.6252441    2784.7500000  
3300.0      5376.6674805    3156.8786621    2784.9865723  
3320.0      5383.9575195    3161.1328125    2785.2231445  
3340.0      5391.2470703    3165.3862305    2785.4594727  
3360.0      5398.5366211    3169.6401367    2785.6960449  
3380.0      5405.8271484    3173.8935547    2785.9326172  
3400.0      5413.1166992    3178.1472168    2786.1689453  
3420.0      5420.4062500    3182.4008789    2786.4055176  
3440.0      5427.6962891    3186.6545410    2786.6420898  
3460.0      5434.9863281    3190.9082031    2786.8784180  
3480.0      5442.2758789    3195.1621094    2787.1149902  
3500.0      5449.5659180    3199.4157715    2787.3515625  
3520.0      5454.0019531    3201.2629395    2787.5878906  
3540.0      5458.4389648    3203.1098633    2787.8244629  
3560.0      5462.8754883    3204.9567871    2788.0607910  
3580.0      5467.3120117    3206.8041992    2788.2973633  
3600.0      5471.7490234    3208.6508789    2788.5339355  
3620.0      5476.1850586    3210.4982910    2788.7702637  
3640.0      5480.6220703    3212.3452148    2789.0068359  
3660.0      5485.0590820    3214.1926270    2789.2431641  
3680.0      5489.4956055    3216.0395508    2789.4797363  
3700.0      5493.9321289    3217.8867188    2789.7163086  
3720.0      5498.3691406    3219.7338867    2789.9526367  
3740.0      5502.8056641    3221.5810547    2790.1892090  
3760.0      5507.2421875    3223.4282227    2790.4257812  
3780.0      5511.6791992    3225.2749023    2790.6621094  
3800.0      5516.1157227    3227.1220703    2790.8986816  
3820.0      5520.5522461    3228.9692383    2791.1352539  
3840.0      5524.9887695    3230.8164062    2791.3715820  
3860.0      5529.4252930    3232.6633301    2791.6079102  
3880.0      5533.8618164    3234.5104980    2791.8444824  
3900.0      5538.2988281    3236.3576660    2792.0810547  
3920.0      5542.7358398    3238.2048340    2792.3176270  
3940.0      5547.1728516    3240.0520020    2792.5541992  
3960.0      5551.6093750    3241.8989258    2792.7905273  
3980.0      5556.0458984    3243.7463379    2793.0268555  
4000.0      5560.4824219    3245.5932617    2793.2634277  
4020.0      5565.2470703    3247.6005859    2793.5000000  
4040.0      5570.0122070    3249.6079102    2793.7363281  
4060.0      5574.7768555    3251.6152344    2793.9729004  
4080.0      5579.5415039    3253.6225586    2794.2094727  
4100.0      5584.3061523    3255.6298828    2794.4458008  
4120.0      5589.0712891    3257.6372070    2794.6823730  
4140.0      5593.8359375    3259.6445312    2794.9189453  
4160.0      5598.6005859    3261.6518555    2795.1552734  
4180.0      5603.3657227    3263.6591797    2795.3918457  
4200.0      5608.1298828    3265.6665039    2795.6281738  
4220.0      5612.8955078    3267.6735840    2795.8647461  
4240.0      5617.6601562    3269.6809082    2796.1013184  
4260.0      5622.4248047    3271.6882324    2796.3376465  
4280.0      5627.1894531    3273.6958008    2796.5742188  
4300.0      5631.9545898    3275.7028809    2796.8107910  
4320.0      5636.7192383    3277.7104492    2797.0471191  
4340.0      5641.4843750    3279.7177734    2797.2836914  
4360.0      5646.2485352    3281.7248535    2797.5200195  
4380.0      5651.0136719    3283.7324219    2797.7565918  
4400.0      5655.7783203    3285.7397461    2797.9931641  
4420.0      5660.5429688    3287.7470703    2798.2294922  
4440.0      5665.3076172    3289.7541504    2798.4660645  
4460.0      5670.0722656    3291.7614746    2798.7026367  
4480.0      5674.8378906    3293.7687988    2798.9389648  
4500.0      5679.6030273    3295.7761230    2799.1755371  
4520.0      5684.4042969    3297.8977051    2799.4121094  
4540.0      5689.2045898    3300.0190430    2799.6484375  
4560.0      5694.0063477    3302.1403809    2799.8850098  
4580.0      5698.8076172    3304.2619629    2800.1215820  
4600.0      5703.6088867    3306.3833008    2800.3579102  
4620.0      5708.4101562    3308.5048828    2800.5942383  
4640.0      5713.2119141    3310.6259766    2800.8310547  
4660.0      5718.0131836    3312.7473145    2801.0673828  
4680.0      5722.8144531    3314.8688965    2801.3037109  
4700.0      5727.6162109    3316.9902344    2801.5405273  
4720.0      5732.4169922    3319.1115723    2801.7768555  
4740.0      5737.2187500    3321.2333984    2802.0131836  
4760.0      5742.0200195    3323.3547363    2802.2500000  
4780.0      5746.8212891    3325.4763184    2802.4863281  
4800.0      5751.6225586    3327.5974121    2802.7226562  
4820.0      5756.4238281    3329.7189941    2802.9592285  
4840.0      5761.2250977    3331.8405762    2803.1958008  
4860.0      5766.0263672    3333.9619141    2803.4321289  
4880.0      5770.8276367    3336.0830078    2803.6687012  
4900.0      5775.6293945    3338.2045898    2803.9052734  
4920.0      5780.4306641    3340.3259277    2804.1416016  
4940.0      5785.2319336    3342.4475098    2804.3781738  
4960.0      5790.0336914    3344.5688477    2804.6147461  
4980.0      5794.8349609    3346.6901855    2804.8510742  
5000.0      5799.6357422    3348.8117676    2805.0876465  
