# CE_14006 -118.00087430 33.72706073
# 
# Depth (m)   Vp (m/s)        Vs(m/s)      Density(kg/m3)
   0.0       379.2137451     165.6807861    1924.8778076  
  20.0      1209.1224365     359.4615479    2055.9204102  
  40.0      1299.9000244     416.6700134    2070.2541504  
  60.0      1311.5621338     482.2000122    2072.0957031  
  80.0      1300.6610107     526.3900146    2070.3742676  
 100.0      1292.0738525     559.8800049    2069.0185547  
 120.0      1292.9248047     584.2700195    2069.1528320  
 140.0      1308.1879883     602.5700073    2071.5629883  
 160.0      1340.9185791     560.1669312    2076.7309570  
 180.0      1392.3769531     587.8930664    2084.8564453  
 200.0      1462.1468506     626.0187378    2095.8730469  
 220.0      1509.2736816     651.3200073    2103.3142090  
 240.0      1553.6276855     676.9062500    2110.3178711  
 260.0      1595.5845947     681.7999878    2116.9428711  
 280.0      1635.4428711     681.7999878    2123.2363281  
 300.0      1673.4478760     681.7999878    2129.2373047  
 320.0      1709.8016357     766.0159912    2134.9777832  
 340.0      1744.6717529     786.2802124    2140.4836426  
 360.0      1778.2004395     805.8874512    2145.7778320  
 380.0      1810.5098877     824.8933716    2150.8793945  
 400.0      1841.7070312     843.3479614    2155.8056641  
 420.0      1871.8814697     861.2917480    2160.5700684  
 440.0      1901.1121826     878.7620850    2165.1855469  
 460.0      1929.4709473     895.7926025    2169.6635742  
 480.0      1957.0200195     912.4123535    2174.0134277  
 500.0      1983.8149414     928.6480713    2178.2443848  
 520.0      2009.9040527     944.5222168    2182.3637695  
 540.0      2035.3332520     960.0571899    2186.3791504  
 560.0      2060.1425781     975.2720337    2190.2966309  
 580.0      2084.3688965     990.1843262    2194.1218262  
 600.0      1954.0289307    1024.2412109    2221.4741211  
 620.0      1969.0307617    1032.1599121    2224.2846680  
 640.0      1983.8515625    1039.9868164    2227.0361328  
 660.0      1998.5004883    1047.7255859    2229.7304688  
 680.0      2012.9858398    1055.3807373    2232.3708496  
 700.0      2027.3159180    1062.9556885    2234.9602051  
 720.0      2041.4974365    1070.4543457    2237.5004883  
 740.0      2055.5385742    1077.8798828    2239.9946289  
 760.0      2069.4433594    1085.2349854    2242.4438477  
 780.0      2083.2202148    1092.5233154    2244.8508301  
 800.0      2096.8728027    1099.7464600    2247.2165527  
 820.0      2110.4069824    1106.9075928    2249.5434570  
 840.0      2123.8271484    1114.0090332    2251.8327637  
 860.0      2137.1381836    1121.0527344    2254.0859375  
 880.0      2150.3439941    1128.0410156    2256.3046875  
 900.0      2163.4489746    1134.9757080    2258.4899902  
 920.0      2176.4565430    1141.8587646    2260.6433105  
 940.0      2189.3701172    1148.6915283    2262.7653809  
 960.0      2202.1933594    1155.4760742    2264.8576660  
 980.0      2214.9282227    1162.2136230    2266.9211426  
1000.0      2227.5791016    1168.9058838    2268.9567871  
1020.0      2240.4677734    1176.3463135    2270.9655762  
1040.0      2253.2778320    1183.7441406    2272.9479980  
1060.0      2266.0114746    1191.1005859    2274.9052734  
1080.0      2278.6699219    1198.4167480    2276.8381348  
1100.0      2291.2568359    1205.6938477    2278.7473145  
1120.0      2303.7746582    1212.9333496    2280.6333008  
1140.0      2316.2241211    1220.1357422    2282.4970703  
1160.0      2328.6079102    1227.3023682    2284.3391113  
1180.0      2340.9282227    1234.4339600    2286.1604004  
1200.0      2353.1865234    1241.5317383    2287.9611816  
1220.0      2365.3847656    1248.5965576    2289.7419434  
1240.0      2377.5229492    1255.6282959    2291.5029297  
1260.0      2389.6052246    1262.6292725    2293.2456055  
1280.0      2401.6318359    1269.5993652    2294.9699707  
1300.0      2413.6037598    1276.5395508    2296.6762695  
1320.0      2425.5231934    1283.4504395    2298.3652344  
1340.0      2437.3911133    1290.3327637    2300.0483398  
1360.0      2449.2092285    1297.1872559    2302.2016602  
1380.0      2460.9780273    1304.0144043    2304.3339844  
1400.0      2472.6987305    1310.8146973    2306.4455566  
1420.0      2484.3732910    1317.5892334    2308.5373535  
1440.0      2496.0019531    1324.3381348    2310.6093750  
1460.0      2507.5861816    1331.0621338    2312.6625977  
1480.0      2519.1269531    1337.7617188    2314.6970215  
1500.0      2530.6252441    1344.4373779    2316.7131348  
1520.0      2538.7907715    1350.7265625    2318.7114258  
1540.0      2546.9157715    1360.7915039    2320.6923828  
1560.0      2555.0007324    1370.7934570    2322.6562500  
1580.0      2563.0473633    1380.7338867    2324.6032715  
1600.0      2571.0551758    1390.6136475    2326.5339355  
1620.0      2579.0258789    1400.4340820    2328.4487305  
1640.0      2586.9604492    1410.1967773    2330.3479004  
1660.0      2594.8583984    1419.9019775    2332.2314453  
1680.0      2602.7216797    1429.5510254    2334.1000977  
1700.0      2610.5502930    1439.1451416    2335.9538574  
1720.0      2618.3449707    1448.6851807    2337.7932129  
1740.0      2629.7822266    1458.1728516    2339.6184082  
1760.0      2644.7592773    1467.6080322    2341.4296875  
1780.0      2659.6494141    1476.9915771    2343.2270508  
1800.0      2674.4555664    1486.3254395    2345.0112305  
1820.0      2689.1777344    1495.6098633    2346.7822266  
1840.0      2703.8186035    1504.8455811    2348.5402832  
1860.0      2718.3789062    1514.0338135    2350.2856445  
1880.0      2732.8596191    1523.1745605    2352.0185547  
1900.0      2747.2636719    1532.2697754    2353.7392578  
1920.0      2761.5910645    1541.3192139    2355.4477539  
1940.0      2775.8435059    1550.3239746    2357.1445312  
1960.0      2790.0234375    1559.2855225    2358.8298340  
1980.0      2804.1286621    1568.2020264    2360.5034180  
2000.0      2818.1645508    1577.0773926    2362.1660156  
2020.0      2833.6403809    1587.1326904    2363.8173828  
2040.0      2849.0478516    1597.1474609    2365.4582520  
2060.0      2864.3859863    1607.1202393    2367.0878906  
2080.0      2879.6582031    1617.0534668    2368.7072754  
2100.0      2894.8654785    1626.9476318    2370.3164062  
2120.0      2910.0073242    1636.8024902    2371.9152832  
2140.0      2925.0864258    1646.6192627    2373.5041504  
2160.0      2940.1032715    1656.3981934    2375.0830078  
2180.0      2955.0583496    1666.1402588    2376.6523438  
2200.0      2969.9526367    1675.8450928    2378.2119141  
2220.0      2984.7873535    1685.5141602    2379.7622070  
2240.0      2999.5632324    1695.1475830    2381.3032227  
2260.0      3014.2812500    1704.7457275    2382.8352051  
2280.0      3028.9423828    1714.3092041    2384.3579102  
2300.0      3043.5466309    1723.8385010    2385.8720703  
2320.0      3058.0959473    1733.3338623    2387.3771973  
2340.0      3072.5905762    1742.7961426    2388.8737793  
2360.0      3087.0312500    1752.2253418    2390.3618164  
2380.0      3101.4191895    1761.6224365    2391.8415527  
2400.0      3115.7546387    1770.9875488    2393.3129883  
2420.0      3130.0385742    1780.3210449    2394.7763672  
2440.0      3144.2714844    1789.6231689    2396.2314453  
2460.0      3158.4541016    1798.8946533    2397.6789551  
2480.0      3172.5869141    1808.1356201    2399.1184082  
2500.0      3186.6711426    1817.3466797    2400.5500488  
2520.0      3195.1022949    1820.2296143    2401.9743652  
2540.0      3280.1928711    1877.8940430    2415.5029297  
2560.0      3379.9882812    1946.5788574    2431.3535156  
2580.0      3468.6789551    2007.7291260    2445.4506836  
2600.0      3548.7927246    2063.0236816    2458.1936035  
2620.0      3622.0805664    2113.6325684    2469.8586426  
2640.0      3689.7861328    2160.3920898    2480.6420898  
2660.0      3752.8395996    2203.9306641    2490.6911621  
2680.0      3811.9497070    2244.6025391    2500.1176758  
2700.0      3867.6682129    2273.5759277    2509.0083008  
2720.0      3920.4428711    2300.8493652    2517.4345703  
2740.0      3970.6240234    2326.6254883    2525.4509277  
2760.0      4018.5153809    2351.0798340    2533.1059570  
2780.0      4064.3586426    2374.3515625    2540.4375000  
2800.0      4079.0976562    2379.6650391    2542.8574219  
2820.0      4085.9687500    2380.4360352    2544.0354004  
2840.0      4092.8088379    2381.1894531    2545.2082520  
2860.0      4099.6181641    2381.9245605    2546.3764648  
2880.0      4106.3974609    2382.6428223    2547.5397949  
2900.0      4113.1469727    2383.3437500    2548.6982422  
2920.0      4119.8671875    2384.0278320    2549.8525391  
2940.0      4126.5571289    2384.6945801    2551.0017090  
2960.0      4133.2192383    2385.3447266    2552.1464844  
2980.0      4139.8525391    2385.9785156    2553.2866211  
3000.0      4146.4570312    2386.5957031    2554.4223633  
3020.0      4151.3764648    2385.3627930    2555.5539551  
3040.0      4156.2675781    2384.1137695    2556.6809082  
3060.0      4161.1308594    2382.8481445    2557.8034668  
3080.0      4165.9692383    2381.5686035    2558.9223633  
3100.0      4170.7768555    2380.2712402    2560.0361328  
3120.0      4175.5629883    2378.9611816    2561.1464844  
3140.0      4180.3178711    2377.6333008    2562.2519531  
3160.0      4185.0488281    2376.2912598    2563.3537598  
3180.0      4189.7539062    2374.9348145    2564.4514160  
3200.0      4194.4340820    2373.5634766    2565.5449219  
3220.0      4199.0883789    2372.1777344    2566.6347656  
3240.0      4203.7197266    2370.7785645    2567.7207031  
3260.0      4208.3227539    2369.3627930    2568.8022461  
3280.0      4212.9033203    2367.9340820    2569.8801270  
3300.0      4217.4589844    2366.4914551    2570.9541016  
3320.0      4221.9916992    2365.0351562    2572.0246582  
3340.0      4226.4995117    2363.5644531    2573.0910645  
3360.0      4230.9853516    2362.0810547    2574.1540527  
3380.0      4235.4462891    2360.5834961    2575.2131348  
3400.0      4239.8847656    2359.0727539    2576.2685547  
3420.0      4244.3002930    2357.5490723    2577.3205566  
3440.0      4248.6933594    2356.0124512    2578.3691406  
3460.0      4253.0639648    2354.4624023    2579.4138184  
3480.0      4257.4121094    2352.8996582    2580.4550781  
3500.0      4261.7377930    2351.3239746    2581.4926758  
3520.0      4272.3461914    2356.9484863    2582.5273438  
3540.0      4282.9316406    2362.5603027    2583.5581055  
3560.0      4293.4960938    2368.1594238    2584.5856934  
3580.0      4304.0400391    2373.7470703    2585.6098633  
3600.0      4314.5625000    2379.3220215    2586.6308594  
3620.0      4325.0634766    2384.8850098    2587.6484375  
3640.0      4335.5444336    2390.4360352    2588.6625977  
3660.0      4346.0048828    2395.9753418    2589.6738281  
3680.0      4356.4448242    2401.5026855    2590.6816406  
3700.0      4366.8637695    2407.0183105    2591.6862793  
3720.0      4377.2636719    2412.5224609    2592.6877441  
3740.0      4387.6430664    2418.0148926    2593.6860352  
3760.0      4398.0039062    2423.4965820    2594.6813965  
3780.0      4408.3442383    2428.9667969    2595.6735840  
3800.0      4418.6660156    2434.4262695    2596.6628418  
3820.0      4428.9682617    2439.8742676    2597.6489258  
3840.0      4439.2519531    2445.3112793    2598.6320801  
3860.0      4449.5161133    2450.7375488    2599.6123047  
3880.0      4459.7617188    2456.1528320    2600.5893555  
3900.0      4469.9892578    2461.5576172    2601.5637207  
3920.0      4480.1982422    2466.9516602    2602.5351562  
3940.0      4490.3881836    2472.3349609    2603.5034180  
3960.0      4500.5605469    2477.7080078    2604.4692383  
3980.0      4510.7153320    2483.0705566    2605.4318848  
4000.0      4520.8520508    2488.4230957    2606.3918457  
4020.0      4534.7749023    2494.1152344    2607.3491211  
4040.0      4548.6806641    2499.7978516    2608.3034668  
4060.0      4562.5698242    2505.4707031    2609.2551270  
4080.0      4576.4409180    2511.1330566    2610.2041016  
4100.0      4590.2949219    2516.7858887    2611.1503906  
4120.0      4604.1323242    2522.4284668    2612.0939941  
4140.0      4617.9531250    2528.0620117    2613.0349121  
4160.0      4631.7563477    2533.6850586    2613.9731445  
4180.0      4645.5424805    2539.2988281    2614.9086914  
4200.0      4659.3129883    2544.9030762    2615.8417969  
4220.0      4673.0673828    2550.4980469    2616.7722168  
4240.0      4686.8056641    2556.0837402    2617.7001953  
4260.0      4700.5273438    2561.6596680    2618.6254883  
4280.0      4714.2324219    2567.2265625    2619.5483398  
4300.0      4727.9228516    2572.7846680    2620.4687500  
4320.0      4741.5966797    2578.3330078    2621.3864746  
4340.0      4755.2548828    2583.8728027    2622.3017578  
4360.0      4768.8984375    2589.4035645    2623.2148438  
4380.0      4782.5258789    2594.9255371    2624.1252441  
4400.0      4796.1381836    2600.4384766    2625.0332031  
4420.0      4809.7353516    2605.9428711    2625.9389648  
4440.0      4823.3173828    2611.4382324    2626.8422852  
4460.0      4836.8842773    2616.9252930    2627.7431641  
4480.0      4850.4365234    2622.4033203    2628.6416016  
4500.0      4863.9736328    2627.8728027    2629.5378418  
4520.0      4880.9653320    2638.4787598    2630.4316406  
4540.0      4897.9448242    2649.0771484    2631.3237305  
4560.0      4914.9052734    2659.6647949    2632.2126465  
4580.0      4931.8554688    2670.2465820    2633.1000977  
4600.0      4948.7875977    2680.8178711    2633.9843750  
4620.0      4965.7099609    2691.3833008    2634.8674316  
4640.0      4982.6137695    2701.9382324    2635.7473145  
4660.0      4999.5058594    2712.4865723    2636.6254883  
4680.0      5016.3833008    2723.0261230    2637.5014648  
4700.0      5033.2475586    2733.5581055    2638.3752441  
4720.0      5050.0981445    2744.0822754    2639.2468262  
4740.0      5066.9350586    2754.5988770    2640.1162109  
4760.0      5083.7578125    2765.1069336    2640.9833984  
4780.0      5100.5673828    2775.6074219    2641.8486328  
4800.0      5117.3647461    2786.1005859    2642.7116699  
4820.0      5134.1479492    2796.5859375    2643.5727539  
4840.0      5150.9184570    2807.0639648    2644.4316406  
4860.0      5167.6743164    2817.5332031    2645.2883301  
4880.0      5184.4189453    2827.9965820    2646.1430664  
4900.0      5201.1499023    2838.4516602    2646.9958496  
4920.0      5217.8681641    2848.8994141    2647.8466797  
4940.0      5234.5732422    2859.3395996    2648.6953125  
4960.0      5251.2666016    2869.7727051    2649.5419922  
4980.0      5267.9462891    2880.1982422    2650.3867188  
5000.0      5284.6142578    2890.6169434    2651.2294922  
