# CI_PDU -117.63809912 34.12079191
# 
# Depth (m)   Vp (m/s)        Vs(m/s)      Density(kg/m3)
   0.0       348.4389954     207.2539978    1920.0185547  
  20.0      1387.3299561     487.6560059    2084.0593262  
  40.0      1708.3199463     640.0479736    2134.7436523  
  60.0      1688.6912842     753.8117676    2131.6442871  
  80.0      1701.4344482     761.1729126    2133.6564941  
 100.0      1744.7075195     786.3010254    2140.4892578  
 120.0      1830.5024414     836.7083740    2154.0363770  
 140.0      1965.3128662     917.4299316    2175.3229980  
 160.0      1957.2525635    1048.4201660    2226.6599121  
 180.0      3808.7880859    1038.3045654    2585.5554199  
 200.0      4539.0146484    1028.1889648    2704.7214355  
 220.0      4514.5712891    1018.0733032    2704.7250977  
 240.0      4490.1044922    1007.9576416    2704.7250977  
 260.0      4465.6381836     997.8420410    2704.7250977  
 280.0      4441.1718750     987.7264404    2704.7250977  
 300.0      4416.7055664     977.6108398    2704.7250977  
 320.0      4392.2392578    2418.3059082    2704.7250977  
 340.0      4367.7724609    2408.1901855    2704.7250977  
 360.0      4343.3061523    2398.0747070    2704.7250977  
 380.0      4318.8398438    2387.9589844    2704.7250977  
 400.0      4294.3735352    2377.8432617    2704.7250977  
 420.0      4269.9072266    2367.7277832    2704.7250977  
 440.0      4245.4404297    2357.6120605    2704.7250977  
 460.0      4220.9741211    2347.4965820    2704.7250977  
 480.0      4196.5078125    2337.3808594    2704.7250977  
 500.0      4172.0415039    2327.2651367    2704.7250977  
 520.0      4181.7128906    2333.4311523    2704.7250977  
 540.0      4191.3837891    2339.5971680    2704.7250977  
 560.0      4201.0546875    2345.7634277    2704.7250977  
 580.0      4210.7255859    2351.9294434    2704.7250977  
 600.0      4220.3969727    2358.0954590    2704.7250977  
 620.0      4230.0678711    2364.2614746    2704.7250977  
 640.0      4239.7392578    2370.4274902    2704.7250977  
 660.0      4249.4101562    2376.5935059    2704.7250977  
 680.0      4259.0810547    2382.7595215    2704.7250977  
 700.0      4268.7524414    2388.9255371    2704.7250977  
 720.0      4278.4233398    2395.0917969    2704.7250977  
 740.0      4288.0947266    2401.2578125    2704.7250977  
 760.0      4297.7656250    2407.4238281    2704.7250977  
 780.0      4307.4365234    2413.5898438    2704.7250977  
 800.0      4317.1079102    2419.7558594    2704.7250977  
 820.0      4326.7788086    2425.9218750    2704.7250977  
 840.0      4336.4501953    2432.0878906    2704.7250977  
 860.0      4346.1210938    2438.2539062    2704.7250977  
 880.0      4355.7919922    2444.4199219    2704.7250977  
 900.0      4365.4633789    2450.5859375    2704.7250977  
 920.0      4375.1342773    2456.7519531    2704.7250977  
 940.0      4384.8056641    2462.9182129    2704.7250977  
 960.0      4394.4765625    2469.0842285    2704.7250977  
 980.0      4404.1474609    2475.2502441    2704.7250977  
1000.0      4413.8515625    2481.4555664    2704.7302246  
1020.0      4426.9892578    2491.3034668    2705.1489258  
1040.0      4440.1284180    2501.1511230    2705.5676270  
1060.0      4453.2666016    2510.9990234    2705.9863281  
1080.0      4466.4057617    2520.8469238    2706.4052734  
1100.0      4479.5439453    2530.6945801    2706.8239746  
1120.0      4492.6826172    2540.5424805    2707.2426758  
1140.0      4505.8212891    2550.3906250    2707.6613770  
1160.0      4518.9599609    2560.2385254    2708.0800781  
1180.0      4532.0986328    2570.0864258    2708.4990234  
1200.0      4545.2368164    2579.9340820    2708.9174805  
1220.0      4558.3759766    2589.7819824    2709.3364258  
1240.0      4571.5141602    2599.6298828    2709.7551270  
1260.0      4584.6528320    2609.4777832    2710.1738281  
1280.0      4597.7915039    2619.3254395    2710.5927734  
1300.0      4610.9301758    2629.1733398    2711.0114746  
1320.0      4624.0683594    2639.0212402    2711.4301758  
1340.0      4637.2070312    2648.8691406    2711.8488770  
1360.0      4650.3457031    2658.7167969    2712.2675781  
1380.0      4663.4843750    2668.5646973    2712.6865234  
1400.0      4676.6225586    2678.4125977    2713.1052246  
1420.0      4689.7617188    2688.2602539    2713.5239258  
1440.0      4702.8999023    2698.1086426    2713.9426270  
1460.0      4716.0385742    2707.9562988    2714.3613281  
1480.0      4729.1767578    2717.8041992    2714.7802734  
1500.0      4742.3159180    2727.6518555    2715.1989746  
1520.0      4750.9716797    2733.6149902    2715.6176758  
1540.0      4759.6289062    2739.5781250    2716.0363770  
1560.0      4768.2851562    2745.5415039    2716.4550781  
1580.0      4776.9414062    2751.5043945    2716.8740234  
1600.0      4785.5976562    2757.4675293    2717.2927246  
1620.0      4794.2543945    2763.4306641    2717.7114258  
1640.0      4802.9111328    2769.3940430    2718.1301270  
1660.0      4811.5678711    2775.3571777    2718.5490723  
1680.0      4820.2241211    2781.3200684    2718.9677734  
1700.0      4828.8803711    2787.2834473    2719.3864746  
1720.0      4837.5371094    2793.2465820    2719.8051758  
1740.0      4846.1933594    2799.2097168    2720.2241211  
1760.0      4854.8491211    2805.1723633    2720.6425781  
1780.0      4863.5058594    2811.1359863    2721.0615234  
1800.0      4872.1621094    2817.0991211    2721.4802246  
1820.0      4880.8193359    2823.0622559    2721.8989258  
1840.0      4889.4755859    2829.0251465    2722.3176270  
1860.0      4898.1323242    2834.9885254    2722.7365723  
1880.0      4906.7885742    2840.9516602    2723.1552734  
1900.0      4915.4448242    2846.9145508    2723.5739746  
1920.0      4924.1010742    2852.8779297    2723.9926758  
1940.0      4932.7578125    2858.8410645    2724.4116211  
1960.0      4941.4140625    2864.8041992    2724.8300781  
1980.0      4950.0708008    2870.7673340    2725.2490234  
2000.0      4958.7270508    2876.7302246    2725.6677246  
2020.0      4967.7084961    2882.5046387    2726.0864258  
2040.0      4976.6894531    2888.2783203    2726.5051270  
2060.0      4985.6704102    2894.0522461    2726.9238281  
2080.0      4994.6513672    2899.8261719    2727.3427734  
2100.0      5003.6333008    2905.5998535    2727.7614746  
2120.0      5012.6142578    2911.3737793    2728.1801758  
2140.0      5021.5952148    2917.1477051    2728.5988770  
2160.0      5030.5766602    2922.9213867    2729.0175781  
2180.0      5039.5576172    2928.6950684    2729.4365234  
2200.0      5048.5385742    2934.4692383    2729.8552246  
2220.0      5057.5205078    2940.2429199    2730.2739258  
2240.0      5066.5014648    2946.0170898    2730.6926270  
2260.0      5075.4824219    2951.7907715    2731.1113281  
2280.0      5084.4638672    2957.5649414    2731.5302734  
2300.0      5093.4448242    2963.3383789    2731.9489746  
2320.0      5102.4257812    2969.1123047    2732.3676758  
2340.0      5111.4072266    2974.8859863    2732.7863770  
2360.0      5120.3886719    2980.6601562    2733.2053223  
2380.0      5129.3696289    2986.4338379    2733.6240234  
2400.0      5138.3505859    2992.2077637    2734.0427246  
2420.0      5147.3315430    2997.9816895    2734.4614258  
2440.0      5156.3134766    3003.7556152    2734.8803711  
2460.0      5165.2944336    3009.5295410    2735.2988281  
2480.0      5174.2758789    3015.3032227    2735.7177734  
2500.0      5183.2568359    3021.0771484    2736.1364746  
2520.0      5187.8300781    3023.3676758    2736.5551758  
2540.0      5192.4028320    3025.6577148    2736.9741211  
2560.0      5196.9755859    3027.9484863    2737.3928223  
2580.0      5201.5483398    3030.2387695    2737.8115234  
2600.0      5206.1210938    3032.5292969    2738.2302246  
2620.0      5210.6943359    3034.8193359    2738.6489258  
2640.0      5215.2670898    3037.1098633    2739.0678711  
2660.0      5219.8398438    3039.4006348    2739.4863281  
2680.0      5224.4130859    3041.6909180    2739.9052734  
2700.0      5228.9863281    3043.9814453    2740.3242188  
2720.0      5233.5585938    3046.2717285    2740.7426758  
2740.0      5238.1318359    3048.5620117    2741.1616211  
2760.0      5242.7045898    3050.8522949    2741.5803223  
2780.0      5247.2773438    3053.1430664    2741.9990234  
2800.0      5251.8500977    3055.4331055    2742.4177246  
2820.0      5256.4233398    3057.7236328    2742.8364258  
2840.0      5260.9960938    3060.0141602    2743.2553711  
2860.0      5265.5693359    3062.3046875    2743.6740723  
2880.0      5270.1416016    3064.5949707    2744.0927734  
2900.0      5274.7148438    3066.8852539    2744.5114746  
2920.0      5279.2880859    3069.1757812    2744.9301758  
2940.0      5283.8608398    3071.4663086    2745.3491211  
2960.0      5288.4335938    3073.7565918    2745.7678223  
2980.0      5293.0068359    3076.0468750    2746.1865234  
3000.0      5297.5800781    3078.3374023    2746.6052246  
3020.0      5301.7553711    3081.2329102    2747.0239258  
3040.0      5305.9311523    3084.1279297    2747.4428711  
3060.0      5310.1069336    3087.0234375    2747.8615723  
3080.0      5314.2827148    3089.9189453    2748.2802734  
3100.0      5318.4584961    3092.8142090    2748.6989746  
3120.0      5322.6342773    3095.7094727    2749.1176758  
3140.0      5326.8100586    3098.6047363    2749.5366211  
3160.0      5330.9858398    3101.5002441    2749.9553223  
3180.0      5335.1616211    3104.3957520    2750.3740234  
3200.0      5339.3378906    3107.2910156    2750.7929688  
3220.0      5343.5131836    3110.1862793    2751.2114258  
3240.0      5347.6889648    3113.0815430    2751.6303711  
3260.0      5351.8652344    3115.9770508    2752.0490723  
3280.0      5356.0400391    3118.8723145    2752.4677734  
3300.0      5360.2163086    3121.7678223    2752.8864746  
3320.0      5364.3925781    3124.6630859    2753.3054199  
3340.0      5368.5683594    3127.5583496    2753.7241211  
3360.0      5372.7436523    3130.4538574    2754.1428223  
3380.0      5376.9199219    3133.3491211    2754.5615234  
3400.0      5381.0952148    3136.2441406    2754.9802246  
3420.0      5385.2709961    3139.1398926    2755.3989258  
3440.0      5389.4467773    3142.0351562    2755.8178711  
3460.0      5393.6230469    3144.9306641    2756.2365723  
3480.0      5397.7988281    3147.8259277    2756.6552734  
3500.0      5401.9741211    3150.7209473    2757.0739746  
3520.0      5405.9663086    3153.4216309    2757.4926758  
3540.0      5409.9589844    3156.1218262    2757.9116211  
3560.0      5413.9511719    3158.8217773    2758.3303223  
3580.0      5417.9433594    3161.5224609    2758.7490234  
3600.0      5421.9360352    3164.2226562    2759.1679688  
3620.0      5425.9282227    3166.9233398    2759.5864258  
3640.0      5429.9204102    3169.6232910    2760.0053711  
3660.0      5433.9130859    3172.3237305    2760.4240723  
3680.0      5437.9047852    3175.0241699    2760.8427734  
3700.0      5441.8969727    3177.7241211    2761.2614746  
3720.0      5445.8896484    3180.4245605    2761.6804199  
3740.0      5449.8818359    3183.1250000    2762.0991211  
3760.0      5453.8740234    3185.8249512    2762.5178223  
3780.0      5457.8666992    3188.5253906    2762.9365234  
3800.0      5461.8588867    3191.2258301    2763.3554688  
3820.0      5465.8510742    3193.9260254    2763.7741699  
3840.0      5469.8437500    3196.6262207    2764.1928711  
3860.0      5473.8354492    3199.3266602    2764.6115723  
3880.0      5477.8281250    3202.0268555    2765.0302734  
3900.0      5481.8203125    3204.7272949    2765.4492188  
3920.0      5485.8125000    3207.4277344    2765.8679199  
3940.0      5489.8046875    3210.1276855    2766.2866211  
3960.0      5493.7968750    3212.8281250    2766.7053223  
3980.0      5497.7890625    3215.5285645    2767.1240234  
4000.0      5501.7817383    3218.2287598    2767.5429688  
4020.0      5506.3330078    3221.0095215    2767.9616699  
4040.0      5510.8837891    3223.7900391    2768.3803711  
4060.0      5515.4340820    3226.5708008    2768.7990723  
4080.0      5519.9848633    3229.3513184    2769.2177734  
4100.0      5524.5361328    3232.1318359    2769.6367188  
4120.0      5529.0864258    3234.9125977    2770.0551758  
4140.0      5533.6372070    3237.6928711    2770.4741211  
4160.0      5538.1879883    3240.4738770    2770.8928223  
4180.0      5542.7392578    3243.2543945    2771.3115234  
4200.0      5547.2895508    3246.0351562    2771.7302246  
4220.0      5551.8408203    3248.8156738    2772.1491699  
4240.0      5556.3911133    3251.5961914    2772.5678711  
4260.0      5560.9423828    3254.3769531    2772.9865723  
4280.0      5565.4931641    3257.1574707    2773.4052734  
4300.0      5570.0439453    3259.9382324    2773.8242188  
4320.0      5574.5947266    3262.7187500    2774.2429199  
4340.0      5579.1455078    3265.4995117    2774.6616211  
4360.0      5583.6967773    3268.2800293    2775.0805664  
4380.0      5588.2475586    3271.0607910    2775.4990234  
4400.0      5592.7983398    3273.8413086    2775.9179688  
4420.0      5597.3486328    3276.6218262    2776.3366699  
4440.0      5601.8994141    3279.4025879    2776.7553711  
4460.0      5606.4501953    3282.1833496    2777.1740723  
4480.0      5611.0014648    3284.9638672    2777.5927734  
4500.0      5615.5527344    3287.7443848    2778.0117188  
4520.0      5621.3701172    3291.6733398    2778.4304199  
4540.0      5627.1879883    3295.6020508    2778.8491211  
4560.0      5633.0058594    3299.5310059    2779.2678223  
4580.0      5638.8237305    3303.4594727    2779.6865234  
4600.0      5644.6420898    3307.3881836    2780.1054688  
4620.0      5650.4604492    3311.3171387    2780.5241699  
4640.0      5656.2783203    3315.2458496    2780.9428711  
4660.0      5662.0957031    3319.1748047    2781.3615723  
4680.0      5667.9135742    3323.1032715    2781.7802734  
4700.0      5673.7319336    3327.0319824    2782.1992188  
4720.0      5679.5493164    3330.9609375    2782.6179199  
4740.0      5685.3676758    3334.8898926    2783.0366211  
4760.0      5691.1860352    3338.8183594    2783.4555664  
4780.0      5697.0039062    3342.7470703    2783.8742676  
4800.0      5702.8212891    3346.6757812    2784.2929688  
4820.0      5708.6391602    3350.6047363    2784.7116699  
4840.0      5714.4570312    3354.5336914    2785.1303711  
4860.0      5720.2753906    3358.4621582    2785.5493164  
4880.0      5726.0932617    3362.3908691    2785.9677734  
4900.0      5731.9111328    3366.3195801    2786.3867188  
4920.0      5737.7294922    3370.2485352    2786.8054199  
4940.0      5743.5468750    3374.1770020    2787.2241211  
4960.0      5749.3652344    3378.1057129    2787.6430664  
4980.0      5755.1831055    3382.0346680    2788.0617676  
5000.0      5761.0009766    3385.9633789    2788.4804688  
