# CI_BRE -117.98112625 33.80776812
# 
# Depth (m)   Vp (m/s)        Vs(m/s)      Density(kg/m3)
   0.0       379.2137451     161.5557861    1924.8778076  
  20.0      1227.2724609     366.0065308    2058.7863770  
  40.0      1299.9000244     416.6700134    2070.2541504  
  60.0      1311.0239258     482.2000122    2072.0107422  
  80.0      1297.4554443     526.3900146    2069.8681641  
 100.0      1283.6649170     559.8800049    2067.6906738  
 120.0      1276.6607666     584.2700195    2066.5847168  
 140.0      1281.4958496     602.5700073    2067.3481445  
 160.0      1301.4741211     539.1466064    2070.5026855  
 180.0      1338.2528076     558.7399292    2076.3100586  
 200.0      1391.9364014     587.6542358    2084.7868652  
 220.0      1436.7764893     612.0851440    2091.8669434  
 240.0      1478.9796143     635.3067017    2098.5307617  
 260.0      1518.9022217     657.4722290    2104.8347168  
 280.0      1556.8304443     678.7056885    2110.8234863  
 300.0      1592.9952393     681.7999878    2116.5339355  
 320.0      1627.5887451     718.7647095    2121.9963379  
 340.0      1660.7701416     737.7453613    2127.2355957  
 360.0      1692.6773682     756.1124878    2132.2736816  
 380.0      1723.4243164     773.9169312    2137.1286621  
 400.0      1753.1118164     791.2047119    2141.8164062  
 420.0      1781.8258057     808.0146484    2146.3503418  
 440.0      1809.6445312     824.3830566    2150.7429199  
 460.0      1836.6322021     840.3389282    2155.0041504  
 480.0      1862.8498535     855.9113159    2159.1440430  
 500.0      1888.3491211     871.1235352    2163.1704102  
 520.0      1913.1779785     885.9982910    2167.0908203  
 540.0      1937.3782959     900.5552979    2170.9121094  
 560.0      1960.9890137     914.8129272    2174.6401367  
 580.0      1984.0433350     928.7868042    2178.2805176  
 600.0      2006.5758057     942.4935913    2181.8383789  
 620.0      2028.6125488     955.9454346    2185.3178711  
 640.0      2050.1804199     969.1557007    2188.7236328  
 660.0      2071.3039551     982.1355591    2192.0588379  
 680.0      2092.0051270     994.8960571    2195.3276367  
 700.0      2089.2324219    1069.8177490    2221.9912109  
 720.0      2102.5515137    1078.1245117    2224.4089355  
 740.0      2115.7358398    1086.3625488    2226.7822266  
 760.0      2128.7922363    1094.5354004    2229.1135254  
 780.0      2141.7258301    1102.6453857    2231.4042969  
 800.0      2154.5410156    1110.6945801    2233.6557617  
 820.0      2167.2443848    1118.6859131    2235.8703613  
 840.0      2179.8386230    1126.6207275    2238.0490723  
 860.0      2192.3288574    1134.5018311    2240.1936035  
 880.0      2204.7197266    1142.3312988    2242.3051758  
 900.0      2217.0136719    1150.1102295    2244.3847656  
 920.0      2229.2153320    1157.8411865    2246.4343262  
 940.0      2241.3278809    1165.5250244    2248.4541016  
 960.0      2253.3537598    1173.1636963    2250.4455566  
 980.0      2265.2963867    1180.7585449    2252.4094238  
1000.0      2277.1584473    1188.3107910    2254.3464355  
1020.0      2289.4353027    1197.2574463    2256.2583008  
1040.0      2301.6367188    1206.1644287    2258.1450195  
1060.0      2313.7656250    1215.0325928    2260.0078125  
1080.0      2325.8239746    1223.8634033    2261.8476562  
1100.0      2337.8139648    1232.6575928    2263.6647949  
1120.0      2349.7370605    1241.4161377    2265.4594727  
1140.0      2361.5961914    1250.1403809    2267.2336426  
1160.0      2373.3923340    1258.8310547    2268.9868164  
1180.0      2385.1284180    1267.4888916    2270.7199707  
1200.0      2396.8049316    1276.1149902    2272.4338379  
1220.0      2408.4240723    1284.7100830    2274.1284180  
1240.0      2419.9877930    1293.2751465    2275.8051758  
1260.0      2431.4968262    1301.8105469    2277.4636230  
1280.0      2442.9526367    1310.3172607    2279.1044922  
1300.0      2454.3574219    1318.7960205    2280.7285156  
1320.0      2465.7121582    1327.2474365    2282.3361816  
1340.0      2477.0170898    1335.6719971    2283.9274902  
1360.0      2488.2751465    1344.0705566    2285.5029297  
1380.0      2499.4855957    1352.4433594    2287.0632324  
1400.0      2510.6511230    1360.7912598    2288.6083984  
1420.0      2521.7722168    1369.1149902    2290.1389160  
1440.0      2532.8500977    1377.4147949    2291.6552734  
1460.0      2543.8857422    1385.6914062    2293.1574707  
1480.0      2554.8793945    1393.9448242    2294.6459961  
1500.0      2565.8325195    1402.1757812    2296.1213379  
1520.0      2574.7001953    1407.5122070    2297.5834961  
1540.0      2583.5280762    1412.8271484    2299.0329590  
1560.0      2592.3188477    1418.1209717    2300.6113281  
1580.0      2601.0725098    1423.3945312    2302.4645996  
1600.0      2609.7895508    1428.6474609    2304.3022461  
1620.0      2618.4709473    1433.8804932    2306.1245117  
1640.0      2627.1179199    1439.0942383    2307.9318848  
1660.0      2635.7304688    1444.2886963    2309.7246094  
1680.0      2644.3100586    1449.4650879    2311.5034180  
1700.0      2652.8564453    1454.6224365    2313.2675781  
1720.0      2661.3706055    1459.7618408    2315.0183105  
1740.0      2669.8535156    1464.8836670    2316.7553711  
1760.0      2678.3056641    1471.0274658    2318.4792480  
1780.0      2686.7268066    1480.8460693    2320.1899414  
1800.0      2695.1186523    1490.6185303    2321.8881836  
1820.0      2703.4814453    1500.3444824    2323.5737305  
1840.0      2711.8154297    1510.0246582    2325.2470703  
1860.0      2720.1210938    1519.6605225    2326.9082031  
1880.0      2728.3991699    1529.2520752    2328.5573730  
1900.0      2736.6501465    1538.8005371    2330.1950684  
1920.0      2744.8745117    1548.3067627    2331.8212891  
1940.0      2753.0725098    1557.7708740    2333.4362793  
1960.0      2761.2448730    1567.1937256    2335.0400391  
1980.0      2769.3913574    1576.5760498    2336.6330566  
2000.0      2777.5136719    1585.9189453    2338.2155762  
2020.0      2790.9616699    1596.0135498    2339.7873535  
2040.0      2806.2829590    1606.0697021    2341.3488770  
2060.0      2821.5397949    1616.0876465    2342.9001465  
2080.0      2836.7331543    1626.0678711    2344.4414062  
2100.0      2851.8645020    1636.0114746    2345.9729004  
2120.0      2866.9338379    1645.9183350    2347.4946289  
2140.0      2881.9433594    1655.7895508    2349.0068359  
2160.0      2896.8935547    1665.6257324    2350.5097656  
2180.0      2911.7849121    1675.4268799    2352.0034180  
2200.0      2926.6181641    1685.1933594    2353.4877930  
2220.0      2941.3952637    1694.9265137    2354.9633789  
2240.0      2956.1159668    1704.6257324    2356.4299316  
2260.0      2970.7819824    1714.2927246    2357.8881836  
2280.0      2985.3933105    1723.9266357    2359.3374023  
2300.0      2999.9514160    1733.5288086    2360.7783203  
2320.0      3014.4562988    1743.0991211    2362.2109375  
2340.0      3028.9094238    1752.6385498    2363.6354980  
2360.0      3043.3115234    1762.1470947    2365.0517578  
2380.0      3057.6628418    1771.6251221    2366.4599609  
2400.0      3071.9643555    1781.0737305    2367.8605957  
2420.0      3086.2172852    1790.4927979    2369.2534180  
2440.0      3100.4216309    1799.8823242    2370.6384277  
2460.0      3114.5776367    1809.2427979    2372.0158691  
2480.0      3128.6865234    1818.5750732    2373.3859863  
2500.0      3142.7490234    1827.8791504    2374.7487793  
2520.0      3152.7102051    1832.3804932    2376.1042480  
2540.0      3162.6257324    1836.8543701    2377.4526367  
2560.0      3172.4978027    1841.3016357    2378.7939453  
2580.0      3182.3232422    1845.7207031    2380.1281738  
2600.0      3192.1066895    1850.1142578    2381.4555664  
2620.0      3201.8466797    1854.4818115    2382.7763672  
2640.0      3211.5444336    1858.8232422    2384.0900879  
2660.0      3221.2001953    1863.1391602    2385.3974609  
2680.0      3230.8151855    1867.4302979    2386.6982422  
2700.0      3240.3886719    1871.6964111    2387.9926758  
2720.0      3249.9235840    1875.9387207    2389.2807617  
2740.0      3259.4165039    1880.1557617    2390.5625000  
2760.0      3268.8696289    1884.3482666    2391.8378906  
2780.0      3278.2846680    1888.5174561    2393.1071777  
2800.0      3287.6611328    1892.6629639    2394.3703613  
2820.0      3297.0000000    1896.7854004    2395.6274414  
2840.0      3306.3002930    1900.8846436    2396.8789062  
2860.0      3315.5644531    1904.9613037    2398.1242676  
2880.0      3324.7915039    1909.0152588    2399.3637695  
2900.0      3333.9826660    1913.0472412    2400.5976562  
2920.0      3343.1381836    1917.0574951    2401.8261719  
2940.0      3352.2578125    1921.0455322    2403.0488281  
2960.0      3361.3420410    1925.0118408    2404.2658691  
2980.0      3370.3920898    1928.9570312    2405.4775391  
3000.0      3379.4079590    1932.8812256    2406.6838379  
3020.0      3386.8713379    1934.4024658    2407.8847656  
3040.0      3394.3012695    1935.9029541    2409.0803223  
3060.0      3401.6977539    1937.3828125    2410.2705078  
3080.0      3409.0617676    1938.8426514    2411.4558105  
3100.0      3416.3935547    1940.2825928    2412.6359863  
3120.0      3423.6931152    1941.7026367    2413.8110352  
3140.0      3430.9609375    1943.1029053    2414.9809570  
3160.0      3438.1972656    1944.4836426    2416.1459961  
3180.0      3445.4023438    1945.8450928    2417.3061523  
3200.0      3452.5771484    1947.1876221    2418.4614258  
3220.0      3459.7214355    1948.5114746    2419.6120605  
3240.0      3466.8352051    1949.8160400    2420.7578125  
3260.0      3473.9196777    1951.1025391    2421.8989258  
3280.0      3480.9743652    1952.3703613    2423.0351562  
3300.0      3487.9997559    1953.6201172    2424.1669922  
3320.0      3494.9965820    1954.8519287    2425.2941895  
3340.0      3501.9643555    1956.0659180    2426.4169922  
3360.0      3508.9040527    1957.2619629    2427.5351562  
3380.0      3515.8159180    1958.4407959    2428.6489258  
3400.0      3531.0124512    1965.6024170    2431.0708008  
3420.0      3581.1367188    1998.0582275    2439.0078125  
3440.0      3628.5034180    2028.6419678    2446.5095215  
3460.0      3673.4577637    2057.5830078    2453.6303711  
3480.0      3716.2792969    2085.0678711    2460.4143066  
3500.0      3757.2019043    2111.2524414    2466.8984375  
3520.0      3791.5495605    2132.3835449    2473.1137695  
3540.0      3824.3601074    2152.4575195    2479.0866699  
3560.0      3855.7756348    2171.5700684    2484.8391113  
3580.0      3885.9211426    2189.8054199    2490.3911133  
3600.0      3914.9020996    2207.2351074    2495.7592773  
3620.0      3942.8127441    2222.9094238    2500.9582520  
3640.0      3969.7329102    2233.5544434    2506.0009766  
3660.0      3995.7399902    2243.6721191    2510.8994141  
3680.0      4020.8981934    2253.2998047    2515.6638184  
3700.0      4045.2597656    2262.4672852    2520.3027344  
3720.0      4068.8847656    2271.2097168    2524.8249512  
3740.0      4091.8139648    2279.5505371    2529.2373047  
3760.0      4114.0917969    2287.5151367    2533.5471191  
3780.0      4135.7568359    2295.1262207    2537.7600098  
3800.0      4156.8442383    2302.4035645    2541.8818359  
3820.0      4177.3857422    2309.3654785    2545.9172363  
3840.0      4197.4101562    2316.0292969    2549.8710938  
3860.0      4216.9453125    2322.4106445    2553.7475586  
3880.0      4236.0170898    2328.5239258    2557.5510254  
3900.0      4254.6440430    2334.3808594    2561.2841797  
3920.0      4272.8510742    2339.9956055    2564.9511719  
3940.0      4290.6572266    2345.3781738    2568.5546875  
3960.0      4308.0800781    2350.5397949    2572.0976562  
3980.0      4325.1362305    2355.4897461    2575.5830078  
4000.0      4341.8413086    2360.2370605    2579.0126953  
4020.0      4365.9248047    2371.7663574    2582.3896484  
4040.0      4387.1015625    2381.6174316    2585.3073730  
4060.0      4395.5356445    2384.1113281    2586.2133789  
4080.0      4403.9541016    2386.5964355    2587.1166992  
4100.0      4412.3549805    2389.0712891    2588.0173340  
4120.0      4420.7407227    2391.5373535    2588.9155273  
4140.0      4429.1098633    2393.9936523    2589.8110352  
4160.0      4437.4633789    2396.4411621    2590.7041016  
4180.0      4445.8002930    2398.8791504    2591.5947266  
4200.0      4454.1220703    2401.3083496    2592.4829102  
4220.0      4462.4287109    2403.7287598    2593.3686523  
4240.0      4470.7216797    2406.1413574    2594.2519531  
4260.0      4478.9951172    2408.5424805    2595.1325684  
4280.0      4487.2553711    2410.9360352    2596.0109863  
4300.0      4495.4990234    2413.3200684    2596.8867188  
4320.0      4503.7309570    2415.6975098    2597.7607422  
4340.0      4511.9462891    2418.0651855    2598.6318359  
4360.0      4520.1445312    2420.4233398    2599.5004883  
4380.0      4528.3320312    2422.7751465    2600.3676758  
4400.0      4536.5029297    2425.1171875    2601.2319336  
4420.0      4544.6601562    2427.4511719    2602.0939941  
4440.0      4552.8027344    2429.7768555    2602.9538574  
4460.0      4560.9311523    2432.0944824    2603.8112793  
4480.0      4569.0444336    2434.4033203    2604.6665039  
4500.0      4577.1464844    2436.7055664    2605.5200195  
4520.0      4590.0229492    2446.0378418    2606.3706055  
4540.0      4602.8876953    2455.3630371    2607.2192383  
4560.0      4615.7377930    2464.6799316    2608.0659180  
4580.0      4628.5747070    2473.9895020    2608.9101562  
4600.0      4641.3979492    2483.2910156    2609.7524414  
4620.0      4654.2099609    2492.5856934    2610.5927734  
4640.0      4667.0039062    2501.8701172    2611.4304199  
4660.0      4679.7871094    2511.1489258    2612.2663574  
4680.0      4692.5585938    2520.4204102    2613.1003418  
4700.0      4705.3125000    2529.6816406    2613.9316406  
4720.0      4718.0581055    2538.9382324    2614.7617188  
4740.0      4730.7890625    2548.1865234    2615.5893555  
4760.0      4743.5048828    2557.4257812    2616.4145508  
4780.0      4756.2119141    2566.6601562    2617.2382812  
4800.0      4768.9042969    2575.8862305    2618.0598145  
4820.0      4781.5825195    2585.1040039    2618.8791504  
4840.0      4794.2519531    2594.3164062    2619.6970215  
4860.0      4806.9062500    2603.5205078    2620.5126953  
4880.0      4819.5473633    2612.7167969    2621.3261719  
4900.0      4832.1791992    2621.9079590    2622.1381836  
4920.0      4844.7973633    2631.0905762    2622.9479980  
4940.0      4857.4013672    2640.2656250    2623.7556152  
4960.0      4869.9975586    2649.4360352    2624.5620117  
4980.0      4882.5795898    2658.5981445    2625.3662109  
5000.0      4895.1469727    2667.7517090    2626.1679688  
