# CE_14821 -118.29110793 33.96855947
# 
# Depth (m)   Vp (m/s)        Vs(m/s)      Density(kg/m3)
   0.0       638.3299561     207.5549927    1965.7923584  
  20.0      1390.2010498     443.6399841    2084.5126953  
  40.0      1661.5500488     548.0000000    2127.3588867  
  60.0      1630.0313721     588.0000000    2122.3818359  
  80.0      1608.9411621     588.0000000    2119.0517578  
 100.0      1566.6260986     603.4699707    2112.3703613  
 120.0      1512.8101807     627.8599854    2103.8728027  
 140.0      1455.7830811     646.1400146    2094.8681641  
 160.0      1402.4855957     593.3791504    2086.4523926  
 180.0      1358.4519043     569.5758057    2079.4995117  
 200.0      1327.7358398     553.1190186    2074.6494141  
 220.0      1369.4250488     575.4843750    2081.2321777  
 240.0      1408.7186279     596.7684937    2087.4367676  
 260.0      1445.9328613     617.1047363    2093.3127441  
 280.0      1481.3236084     636.6028442    2098.9008789  
 300.0      1515.0983887     655.3521118    2104.2341309  
 320.0      1547.4300537     673.4272461    2109.3391113  
 340.0      1578.4636230     690.8921509    2114.2395020  
 360.0      1608.3226318     707.8005981    2118.9541016  
 380.0      1637.1110840     724.1989746    2123.4997559  
 400.0      1664.9212646     740.1286011    2127.8911133  
 420.0      1691.8315430     755.6240845    2132.1401367  
 440.0      1717.9123535     770.7175903    2136.2583008  
 460.0      1743.2237549     785.4362793    2140.2551270  
 480.0      1767.8206787     799.8048706    2144.1389160  
 500.0      1791.7513428     813.8454590    2147.9174805  
 520.0      1815.0593262     827.5783691    2151.5979004  
 540.0      1837.7830811     841.0211792    2155.1860352  
 560.0      1859.9588623     854.1906738    2158.6875000  
 580.0      1881.6176758     867.1013794    2162.1074219  
 600.0      1902.7884521     879.7664185    2165.4501953  
 620.0      1923.4993896     892.1997681    2168.7204590  
 640.0      1943.7730713     904.4116211    2171.9218750  
 660.0      1963.6322021     916.4124756    2175.0576172  
 680.0      1983.0975342     928.2124634    2178.1311035  
 700.0      2002.1888428     939.8209229    2181.1455078  
 720.0      2020.9216309     951.2454224    2184.1035156  
 740.0      2039.3139648     962.4945679    2187.0078125  
 760.0      2057.3808594     973.5753174    2189.8603516  
 780.0      2075.1347656     984.4940186    2192.6638184  
 800.0      2092.5895996     995.2568359    2195.4199219  
 820.0      2364.8293457    1205.6699219    2221.6823730  
 840.0      2372.4653320    1212.8243408    2223.7331543  
 860.0      2380.0034180    1219.9289551    2225.7519531  
 880.0      2387.4479980    1226.9859619    2227.7397461  
 900.0      2394.8029785    1233.9969482    2229.6979980  
 920.0      2402.0708008    1240.9636230    2231.6276855  
 940.0      2409.2548828    1247.8868408    2233.5297852  
 960.0      2416.3586426    1254.7687988    2235.4052734  
 980.0      2423.3845215    1261.6107178    2237.2548828  
1000.0      2430.3342285    1268.4130859    2239.0798340  
1020.0      2437.9943848    1276.3541260    2240.8806152  
1040.0      2445.5839844    1284.2584229    2242.6582031  
1060.0      2453.1049805    1292.1270752    2244.4130859  
1080.0      2460.5595703    1299.9609375    2246.1462402  
1100.0      2467.9509277    1307.7617188    2247.8583984  
1120.0      2475.2795410    1315.5297852    2249.5500488  
1140.0      2482.5476074    1323.2657471    2251.2214355  
1160.0      2489.7573242    1330.9710693    2252.8737793  
1180.0      2496.9099121    1338.6463623    2254.5073242  
1200.0      2504.0065918    1346.2919922    2256.1225586  
1220.0      2511.0500488    1353.9093018    2257.7199707  
1240.0      2518.0412598    1361.4990234    2259.3002930  
1260.0      2524.9812012    1369.0614014    2260.8637695  
1280.0      2531.8715820    1376.5974121    2262.4106445  
1300.0      2538.7131348    1384.1074219    2263.9416504  
1320.0      2545.5078125    1391.5925293    2265.4570312  
1340.0      2552.2568359    1399.0526123    2266.9575195  
1360.0      2558.9606934    1406.4890137    2268.4428711  
1380.0      2565.6206055    1413.9016113    2269.9140625  
1400.0      2572.2382812    1421.2912598    2271.3710938  
1420.0      2578.8137207    1428.6584473    2272.8142090  
1440.0      2585.3486328    1436.0036621    2274.2441406  
1460.0      2591.8437500    1443.3271484    2275.6606445  
1480.0      2598.2998047    1450.6298828    2277.0646973  
1500.0      2604.7180176    1457.9116211    2278.4558105  
1520.0      2613.8974609    1464.3499756    2279.8349609  
1540.0      2623.0400391    1470.7683105    2281.2019043  
1560.0      2632.1479492    1477.1674805    2282.5573730  
1580.0      2641.2211914    1483.5478516    2283.9011230  
1600.0      2650.2592773    1489.9090576    2285.2336426  
1620.0      2659.2644043    1496.2519531    2286.5554199  
1640.0      2668.2377930    1502.5776367    2287.8662109  
1660.0      2677.1777344    1508.8851318    2289.1665039  
1680.0      2686.0864258    1515.1752930    2290.4558105  
1700.0      2694.9650879    1521.4489746    2291.7360840  
1720.0      2703.8127441    1527.7055664    2293.0053711  
1740.0      2712.6311035    1533.9456787    2294.2653809  
1760.0      2721.4199219    1540.1701660    2295.5158691  
1780.0      2730.1809082    1546.3784180    2296.7565918  
1800.0      2738.9138184    1552.5714111    2297.9882812  
1820.0      2747.6188965    1558.7492676    2299.2109375  
1840.0      2756.2968750    1564.9116211    2300.5522461  
1860.0      2764.9487305    1571.0600586    2302.1198730  
1880.0      2773.5742188    1577.1932373    2303.6757812  
1900.0      2782.1743164    1583.3125000    2305.2211914  
1920.0      2790.7497559    1589.4180908    2306.7558594  
1940.0      2799.3000488    1595.5092773    2308.2795410  
1960.0      2807.8261719    1601.5872803    2309.7932129  
1980.0      2816.3286133    1607.6518555    2311.2963867  
2000.0      2824.8073730    1613.7031250    2312.7895508  
2020.0      2836.4521484    1620.7753906    2314.2729492  
2040.0      2848.0742188    1627.8347168    2315.7465820  
2060.0      2859.6738281    1634.8812256    2317.2104492  
2080.0      2871.2514648    1643.4685059    2318.6650391  
2100.0      2882.8071289    1654.4882812    2320.1103516  
2120.0      2894.3417969    1665.4736328    2321.5463867  
2140.0      2905.8557129    1676.4271240    2322.9736328  
2160.0      2917.3488770    1687.3465576    2324.3918457  
2180.0      2928.8217773    1698.2353516    2325.8017578  
2200.0      2940.2749023    1709.0920410    2327.2028809  
2220.0      2951.7082520    1719.9173584    2328.5954590  
2240.0      2963.1223145    1730.7113037    2329.9797363  
2260.0      2974.5170898    1741.4753418    2331.3559570  
2280.0      2985.8928223    1752.2093506    2332.7241211  
2300.0      2997.2502441    1762.9134521    2334.0842285  
2320.0      3008.5898438    1773.5892334    2335.4365234  
2340.0      3019.9106445    1784.2351074    2336.7810059  
2360.0      3031.2136230    1794.8525391    2338.1179199  
2380.0      3045.4899902    1805.4423828    2339.4472656  
2400.0      3062.0483398    1816.0041504    2340.7692871  
2420.0      3078.5610352    1826.5393066    2342.0839844  
2440.0      3095.0278320    1837.0467529    2343.3913574  
2460.0      3111.4497070    1847.5281982    2344.6918945  
2480.0      3127.8269043    1857.9827881    2345.9851074  
2500.0      3144.1601562    1868.4113770    2347.2714844  
2520.0      3153.5139160    1872.8074951    2348.5512695  
2540.0      3162.8249512    1877.1781006    2349.8242188  
2560.0      3172.0932617    1881.5231934    2351.0903320  
2580.0      3181.3205566    1885.8437500    2352.3498535  
2600.0      3190.5070801    1890.1406250    2353.6032715  
2620.0      3199.6528320    1894.4123535    2354.8498535  
2640.0      3208.7580566    1898.6604004    2356.0903320  
2660.0      3217.8242188    1902.8852539    2357.3247070  
2680.0      3226.8520508    1907.0870361    2358.5527344  
2700.0      3235.8405762    1911.2653809    2359.7749023  
2720.0      3244.7910156    1915.4206543    2360.9907227  
2740.0      3253.7041016    1919.5537109    2362.2006836  
2760.0      3262.5803223    1923.6650391    2363.4050293  
2780.0      3271.4194336    1927.7535400    2364.6035156  
2800.0      3280.2226562    1931.8206787    2365.7961426  
2820.0      3288.9897461    1935.8663330    2366.9831543  
2840.0      3297.7214355    1939.8903809    2368.1645508  
2860.0      3306.4182129    1943.8934326    2369.3405762  
2880.0      3315.0805664    1947.8757324    2370.5109863  
2900.0      3323.7087402    1951.8377686    2371.6760254  
2920.0      3332.3032227    1955.7791748    2372.8356934  
2940.0      3340.8642578    1959.7003174    2373.9902344  
2960.0      3349.3920898    1963.6015625    2375.1394043  
2980.0      3357.8876953    1967.4836426    2376.2836914  
3000.0      3366.3505859    1971.3454590    2377.4226074  
3020.0      3373.6611328    1974.5046387    2378.5566406  
3040.0      3380.9411621    1977.6450195    2379.6855469  
3060.0      3388.1889648    1980.7659912    2380.8095703  
3080.0      3395.4060059    1983.8684082    2381.9287109  
3100.0      3402.5932617    1986.9526367    2383.0429688  
3120.0      3409.7495117    1990.0181885    2384.1525879  
3140.0      3416.8764648    1993.0655518    2385.2573242  
3160.0      3423.9731445    1996.0950928    2386.3576660  
3180.0      3431.0412598    1999.1066895    2387.4531250  
3200.0      3438.0800781    2002.1008301    2388.5441895  
3220.0      3445.0900879    2005.0770264    2389.6306152  
3240.0      3452.0715332    2008.0360107    2390.7124023  
3260.0      3459.0253906    2010.9779053    2391.7900391  
3280.0      3465.9511719    2013.9029541    2392.8632812  
3300.0      3472.8493652    2016.8110352    2393.9321289  
3320.0      3479.7207031    2019.7025146    2394.9965820  
3340.0      3486.5644531    2022.5772705    2396.0566406  
3360.0      3493.3818359    2025.4357910    2397.1127930  
3380.0      3500.1728516    2028.2780762    2398.1645508  
3400.0      3506.9377441    2031.1046143    2399.2124023  
3420.0      3513.6762695    2033.9146729    2400.2558594  
3440.0      3520.3898926    2036.7093506    2401.2954102  
3460.0      3527.0776367    2039.4885254    2402.3310547  
3480.0      3533.7402344    2042.2519531    2403.3625488  
3500.0      3540.3771973    2044.9995117    2404.3901367  
3520.0      3547.3181152    2048.3559570    2405.4140625  
3540.0      3554.2336426    2051.6958008    2406.4335938  
3560.0      3561.1252441    2055.0214844    2407.4497070  
3580.0      3567.9943848    2058.3337402    2408.4624023  
3600.0      3574.8364258    2061.6284180    2409.4704590  
3620.0      3581.6567383    2064.9099121    2410.4750977  
3640.0      3588.4548340    2068.1782227    2411.4765625  
3660.0      3595.2275391    2071.4299316    2412.4736328  
3680.0      3601.9785156    2074.6684570    2413.4675293  
3700.0      3608.7075195    2077.8940430    2414.4580078  
3720.0      3615.4128418    2081.1042480    2415.4445801  
3740.0      3622.0949707    2084.3005371    2416.4274902  
3760.0      3628.7563477    2087.4833984    2417.4072266  
3780.0      3635.3950195    2090.6525879    2418.3833008  
3800.0      3642.0124512    2093.8081055    2419.3559570  
3820.0      3648.6086426    2096.9511719    2420.3254395  
3840.0      3655.1831055    2100.0803223    2421.2915039  
3860.0      3661.7368164    2103.1965332    2422.2541504  
3880.0      3668.2692871    2106.2995605    2423.2133789  
3900.0      3674.7802734    2109.3891602    2424.1694336  
3920.0      3681.2712402    2112.4663086    2425.1220703  
3940.0      3687.7416992    2115.5307617    2426.0717773  
3960.0      3694.1921387    2118.5827637    2427.0180664  
3980.0      3700.6220703    2121.6215820    2427.9611816  
4000.0      3707.0317383    2124.6479492    2428.9011230  
4020.0      3717.2287598    2129.0698242    2429.8381348  
4040.0      3727.4057617    2133.4785156    2430.7719727  
4060.0      3737.5637207    2137.8757324    2431.7026367  
4080.0      3747.7023926    2142.2609863    2432.6303711  
4100.0      3757.8212891    2146.6335449    2433.5549316  
4120.0      3767.9216309    2150.9943848    2434.4765625  
4140.0      3778.0031738    2155.3437500    2435.3952637  
4160.0      3788.0659180    2159.6811523    2436.3110352  
4180.0      3798.1096191    2164.0065918    2437.2236328  
4200.0      3808.1354980    2168.3208008    2438.1335449  
4220.0      3818.1433105    2172.6235352    2439.0405273  
4240.0      3828.1328125    2176.9155273    2439.9448242  
4260.0      3838.1042480    2181.1953125    2440.8461914  
4280.0      3848.0581055    2185.4641113    2441.7446289  
4300.0      3857.9943848    2189.7221680    2442.6403809  
4320.0      3867.9130859    2193.9692383    2443.5334473  
4340.0      3877.8137207    2198.2045898    2444.4233398  
4360.0      3887.6977539    2202.4294434    2445.3110352  
4380.0      3897.5642090    2206.6433105    2446.1958008  
4400.0      3907.4138184    2210.8464355    2447.0776367  
4420.0      3917.2473145    2215.0395508    2447.9572754  
4440.0      3927.0632324    2219.2216797    2448.8339844  
4460.0      3936.8627930    2223.3933105    2449.7082520  
4480.0      3946.6455078    2227.5541992    2450.5795898  
4500.0      3956.4118652    2231.7050781    2451.4487305  
4520.0      3957.1210938    2231.0781250    2452.3149414  
4540.0      3957.8134766    2230.4411621    2453.1789551  
4560.0      3958.4899902    2229.7934570    2454.0400391  
4580.0      3959.1506348    2229.1362305    2454.8989258  
4600.0      3959.7956543    2228.4692383    2455.7553711  
4620.0      3960.4245605    2227.7915039    2456.6091309  
4640.0      3961.0385742    2227.1044922    2457.4604492  
4660.0      3961.6364746    2226.4074707    2458.3095703  
4680.0      3962.2197266    2225.7009277    2459.1560059  
4700.0      3962.7866211    2224.9838867    2460.0000000  
4720.0      3963.3395996    2224.2583008    2460.8417969  
4740.0      3963.8771973    2223.5227051    2461.6811523  
4760.0      3986.5573730    2239.0187988    2466.0168457  
4780.0      4017.5500488    2260.6638184    2471.6650391  
4800.0      4047.2053223    2281.3859863    2477.1020508  
4820.0      4075.6494141    2301.2719727    2482.3479004  
4840.0      4102.9785156    2320.3862305    2487.4174805  
4860.0      4129.2753906    2338.7844238    2492.3242188  
4880.0      4154.6269531    2356.5266113    2497.0820312  
4900.0      4179.0976562    2371.8569336    2501.7001953  
4920.0      4202.7504883    2383.6445312    2506.1894531  
4940.0      4225.6401367    2394.9916992    2510.5583496  
4960.0      4247.8173828    2405.9279785    2514.8144531  
4980.0      4269.3242188    2416.4763184    2518.9648438  
5000.0      4290.2031250    2426.6625977    2523.0161133  
