# CI_RUS -118.08081525 34.05070765
# 
# Depth (m)   Vp (m/s)        Vs(m/s)      Density(kg/m3)
   0.0       638.4124756     208.7099915    1965.8052979  
  20.0      1641.0836182     505.7349854    2124.1271973  
  40.0      1661.5500488     548.0000000    2127.3588867  
  60.0      1630.2041016     588.0000000    2122.4091797  
  80.0      1615.8939209     588.0000000    2120.1496582  
 100.0      1591.7830811     603.4699707    2116.3425293  
 120.0      1568.6479492     627.8599854    2112.6894531  
 140.0      1554.7026367     646.1400146    2110.4875488  
 160.0      1555.8408203     646.1400146    2110.6672363  
 180.0      1575.7092285     667.4799805    2113.8044434  
 200.0      1615.7760010     694.9099731    2120.1311035  
 220.0      1667.4959717     694.9099731    2128.2976074  
 240.0      1716.1923828     725.3900146    2135.9868164  
 260.0      1762.2719727     725.3900146    2143.2626953  
 280.0      1806.0603027     725.3900146    2150.1770020  
 300.0      1847.8212891     725.3900146    2156.7709961  
 320.0      1887.7761230     870.7810059    2163.0798340  
 340.0      1926.1076660     893.7685547    2169.1323242  
 360.0      1962.9704590     916.0119629    2174.9531250  
 380.0      1998.4990234     937.5747070    2180.5629883  
 400.0      2032.8073730     958.5112915    2185.9802246  
 420.0      2065.9951172     978.8694458    2191.2207031  
 440.0      2098.1494141     998.6911011    2196.2978516  
 460.0      2394.3071289    1199.9208984    2224.0600586  
 480.0      2402.0576172    1205.1600342    2227.7395020  
 500.0      2409.5029297    1210.2432861    2231.3186035  
 520.0      2422.7663574    1220.1136475    2234.8037109  
 540.0      2435.7626953    1229.8461914    2238.2006836  
 560.0      2448.5087891    1239.4488525    2241.5151367  
 580.0      2461.0192871    1248.9287109    2244.7517090  
 600.0      2473.3068848    1258.2923584    2247.9150391  
 620.0      2485.3842773    1267.5458984    2251.0092773  
 640.0      2497.2626953    1276.6944580    2254.0375977  
 660.0      2508.9523926    1285.7434082    2257.0036621  
 680.0      2520.4621582    1294.6966553    2259.9104004  
 700.0      2531.8012695    1303.5593262    2262.7609863  
 720.0      2542.9780273    1312.3350830    2265.5581055  
 740.0      2553.9992676    1321.0275879    2268.3037109  
 760.0      2564.8720703    1329.6405029    2271.0004883  
 780.0      2575.6027832    1338.1768799    2273.6506348  
 800.0      2586.1979980    1346.6397705    2276.2556152  
 820.0      2596.6623535    1355.0318604    2278.8181152  
 840.0      2607.0024414    1363.3562012    2281.3388672  
 860.0      2617.2216797    1371.6149902    2283.8203125  
 880.0      2627.3254395    1379.8104248    2286.2636719  
 900.0      2637.3183594    1387.9449463    2288.6699219  
 920.0      2647.2038574    1396.0209961    2291.0415039  
 940.0      2656.9863281    1404.0396729    2293.3784180  
 960.0      2666.6689453    1412.0036621    2295.6828613  
 980.0      2676.2553711    1419.9141846    2297.9555664  
1000.0      2685.7490234    1427.7733154    2300.2568359  
1020.0      2696.2912598    1436.7164307    2303.1342773  
1040.0      2706.7463379    1445.6109619    2305.9743652  
1060.0      2717.1179199    1454.4588623    2308.7788086  
1080.0      2727.4072266    1463.2607422    2311.5478516  
1100.0      2737.6174316    1472.0183105    2314.2829590  
1120.0      2747.7517090    1480.7329102    2316.9853516  
1140.0      2757.8107910    1493.6979980    2319.6557617  
1160.0      2767.7976074    1509.6369629    2322.2949219  
1180.0      2777.7145996    1525.4649658    2324.9042969  
1200.0      2787.5627441    1541.1846924    2327.4841309  
1220.0      2797.3449707    1556.7988281    2330.0356445  
1240.0      2807.0627441    1572.3105469    2332.5595703  
1260.0      2816.7172852    1587.7214355    2335.0563965  
1280.0      2826.3110352    1603.0347900    2337.5268555  
1300.0      2840.9348145    1618.2528076    2339.9719238  
1320.0      2860.0952148    1633.3776855    2342.3920898  
1340.0      2879.1018066    1648.4117432    2344.7880859  
1360.0      2897.9580078    1663.3564453    2347.1601562  
1380.0      2916.6679688    1678.2144775    2349.5090332  
1400.0      2935.2353516    1692.9877930    2351.8356934  
1420.0      2972.8110352    1720.9733887    2357.1635742  
1440.0      3013.0898438    1750.9144287    2362.9182129  
1460.0      3052.1267090    1780.0688477    2368.4768066  
1480.0      3090.0300293    1808.5040283    2373.8564453  
1500.0      3126.9003906    1836.2823486    2379.0729980  
1520.0      3162.4416504    1861.3435059    2384.1389160  
1540.0      3197.1037598    1885.8437500    2389.0659180  
1560.0      3230.9506836    1909.8223877    2393.8640137  
1580.0      3264.0405273    1933.3173828    2398.5429688  
1600.0      3296.4211426    1956.3568115    2403.1096191  
1620.0      3328.1384277    1978.9705811    2407.5715332  
1640.0      3359.2370605    2001.1866455    2411.9360352  
1660.0      3389.7507324    2023.0255127    2416.2077637  
1680.0      3419.7131348    2044.5091553    2420.3928223  
1700.0      3449.1545410    2065.6562500    2424.4953613  
1720.0      3478.1054688    2086.4863281    2428.5205078  
1740.0      3506.5883789    2107.0131836    2432.4719238  
1760.0      3534.6271973    2127.2521973    2436.3530273  
1780.0      3562.2419434    2147.2163086    2440.1672363  
1800.0      3589.4553223    2166.9187012    2443.9179688  
1820.0      3616.2863770    2186.3730469    2447.6086426  
1840.0      3642.7482910    2205.5864258    2451.2407227  
1860.0      3668.8583984    2224.5705566    2454.8173828  
1880.0      3694.6308594    2243.3344727    2458.3408203  
1900.0      3720.0810547    2261.8867188    2461.8129883  
1920.0      3745.2197266    2280.2355957    2465.2363281  
1940.0      3770.0600586    2298.3891602    2468.6125488  
1960.0      3794.6130371    2316.3540039    2471.9433594  
1980.0      3818.8886719    2334.1362305    2475.2302246  
2000.0      3842.8979492    2351.7438965    2478.4750977  
2020.0      3866.8400879    2369.6662598    2481.6791992  
2040.0      3890.5332031    2387.4248047    2484.8442383  
2060.0      3913.9865723    2405.0249023    2487.9711914  
2080.0      3937.2065430    2422.4707031    2491.0610352  
2100.0      3960.2006836    2439.7675781    2494.1157227  
2120.0      3982.9746094    2456.9182129    2497.1352539  
2140.0      4005.5383301    2473.8005371    2500.1218262  
2160.0      4027.8974609    2487.5498047    2503.0761719  
2180.0      4050.0568848    2501.1838379    2505.9987793  
2200.0      4072.0222168    2514.7060547    2508.8906250  
2220.0      4093.8000488    2528.1198730    2511.7531738  
2240.0      4115.3945312    2541.4277344    2514.5866699  
2260.0      4136.8110352    2554.6330566    2517.3920898  
2280.0      4156.6425781    2566.9230957    2519.9470215  
2300.0      4171.6420898    2576.4235840    2521.7392578  
2320.0      4186.5800781    2585.8881836    2523.5214844  
2340.0      4201.4555664    2595.3173828    2525.2941895  
2360.0      4216.2714844    2604.7114258    2527.0571289  
2380.0      4231.0268555    2614.0710449    2528.8107910  
2400.0      4245.7255859    2623.3974609    2530.5554199  
2420.0      4260.3666992    2632.6911621    2532.2910156  
2440.0      4274.9487305    2641.9501953    2534.0170898  
2460.0      4289.4760742    2651.1782227    2535.7346191  
2480.0      4303.9453125    2660.3723145    2537.4428711  
2500.0      4318.3588867    2669.5344238    2539.1425781  
2520.0      4324.4838867    2670.1523438    2540.8342285  
2540.0      4330.5522461    2670.7377930    2542.5170898  
2560.0      4336.5664062    2671.2917480    2544.1914062  
2580.0      4342.5312500    2671.8176270    2545.8579102  
2600.0      4348.4433594    2672.3129883    2547.5158691  
2620.0      4354.3056641    2672.7792969    2549.1660156  
2640.0      4360.1137695    2673.2143555    2550.8078613  
2660.0      4365.8745117    2673.6220703    2552.4418945  
2680.0      4371.5849609    2674.0007324    2554.0683594  
2700.0      4377.2490234    2674.3527832    2555.6872559  
2720.0      4382.8623047    2674.6752930    2557.2980957  
2740.0      4388.4311523    2674.9724121    2558.9020996  
2760.0      4393.9516602    2675.2414551    2560.4982910  
2780.0      4399.4252930    2675.4833984    2562.0871582  
2800.0      4404.8540039    2675.6994629    2563.6689453  
2820.0      4410.2368164    2675.8889160    2565.2436523  
2840.0      4415.5737305    2676.0522461    2566.8107910  
2860.0      4420.8676758    2676.1901855    2568.3713379  
2880.0      4426.1166992    2676.3027344    2569.9248047  
2900.0      4431.3232422    2676.3906250    2571.4714355  
2920.0      4436.4873047    2676.4538574    2573.0112305  
2940.0      4441.6079102    2676.4919434    2574.5444336  
2960.0      4446.6870117    2676.5061035    2576.0710449  
2980.0      4451.7246094    2676.4963379    2577.5910645  
3000.0      4456.7216797    2676.4631348    2579.1047363  
3020.0      4460.6210938    2681.8088379    2580.6120605  
3040.0      4464.4770508    2687.1296387    2582.1125488  
3060.0      4468.2944336    2692.4282227    2583.6069336  
3080.0      4472.0732422    2697.7043457    2585.0952148  
3100.0      4475.8125000    2702.9580078    2586.5776367  
3120.0      4479.5131836    2708.1892090    2588.0534668  
3140.0      4483.1767578    2713.3984375    2589.5236816  
3160.0      4486.8012695    2718.5856934    2590.9875488  
3180.0      4490.3896484    2723.7519531    2592.4458008  
3200.0      4493.9404297    2728.8964844    2593.8981934  
3220.0      4497.4541016    2734.0195312    2595.3447266  
3240.0      4500.9321289    2739.1220703    2596.7856445  
3260.0      4504.3740234    2744.2041016    2598.2207031  
3280.0      4563.7934570    2507.8374023    2608.4946289  
3300.0      4563.2280273    2512.4846191    2609.2971191  
3320.0      4562.6616211    2517.1320801    2610.0993652  
3340.0      4562.0957031    2521.7792969    2610.9016113  
3360.0      4561.5302734    2526.4267578    2611.7041016  
3380.0      4560.9638672    2531.0742188    2612.5063477  
3400.0      4560.3979492    2535.7214355    2613.3085938  
3420.0      4559.8320312    2540.3686523    2614.1108398  
3440.0      4559.2661133    2545.0161133    2614.9130859  
3460.0      4558.7001953    2549.6633301    2615.7153320  
3480.0      4558.1342773    2554.3105469    2616.5178223  
3500.0      4557.5683594    2558.9580078    2617.3200684  
3520.0      4562.2758789    2559.7258301    2618.1223145  
3540.0      4566.9838867    2560.4931641    2618.9245605  
3560.0      4571.6918945    2561.2609863    2619.7270508  
3580.0      4576.3999023    2562.0285645    2620.5292969  
3600.0      4581.1079102    2562.7961426    2621.3315430  
3620.0      4585.8159180    2563.5637207    2622.1337891  
3640.0      4590.5239258    2564.3315430    2622.9362793  
3660.0      4595.2319336    2565.0988770    2623.7385254  
3680.0      4599.9394531    2565.8666992    2624.5407715  
3700.0      4604.6474609    2566.6342773    2625.3432617  
3720.0      4609.3554688    2567.4018555    2626.1455078  
3740.0      4614.0634766    2568.1696777    2626.9477539  
3760.0      4618.7714844    2568.9372559    2627.7500000  
3780.0      4623.4790039    2569.7048340    2628.5522461  
3800.0      4628.1870117    2570.4721680    2629.3544922  
3820.0      4632.8950195    2571.2402344    2630.1569824  
3840.0      4637.6030273    2572.0075684    2630.9592285  
3860.0      4642.3105469    2572.7751465    2631.7614746  
3880.0      4647.0185547    2573.5427246    2632.5637207  
3900.0      4651.7265625    2574.3105469    2633.3662109  
3920.0      4656.4345703    2575.0783691    2634.1684570  
3940.0      4661.1420898    2575.8457031    2634.9707031  
3960.0      4665.8505859    2576.6135254    2635.7729492  
3980.0      4670.5585938    2577.3811035    2636.5754395  
4000.0      4675.2666016    2578.1486816    2637.3776855  
4020.0      4681.0527344    2579.7062988    2638.1799316  
4040.0      4686.8388672    2581.2639160    2638.9821777  
4060.0      4692.6250000    2582.8217773    2639.7846680  
4080.0      4698.4111328    2584.3793945    2640.5869141  
4100.0      4704.1972656    2585.9370117    2641.3891602  
4120.0      4709.9829102    2587.4946289    2642.1914062  
4140.0      4715.7690430    2589.0524902    2642.9936523  
4160.0      4721.5551758    2590.6101074    2643.7961426  
4180.0      4727.3413086    2592.1677246    2644.5983887  
4200.0      4733.1279297    2593.7255859    2645.4008789  
4220.0      4738.9135742    2595.2832031    2646.2028809  
4240.0      4744.6997070    2596.8408203    2647.0053711  
4260.0      4750.4863281    2598.3986816    2647.8076172  
4280.0      4756.2724609    2599.9560547    2648.6098633  
4300.0      4762.0581055    2601.5139160    2649.4121094  
4320.0      4767.8447266    2603.0715332    2650.2145996  
4340.0      4773.6308594    2604.6291504    2651.0168457  
4360.0      4779.4169922    2606.1870117    2651.8190918  
4380.0      4785.2031250    2607.7443848    2652.6213379  
4400.0      4790.9892578    2609.3022461    2653.4238281  
4420.0      4796.7753906    2610.8601074    2654.2260742  
4440.0      4802.5620117    2612.4174805    2655.0283203  
4460.0      4808.3476562    2613.9753418    2655.8305664  
4480.0      4814.1337891    2615.5329590    2656.6328125  
4500.0      4819.9204102    2617.0905762    2657.4353027  
4520.0      4832.2626953    2625.7988281    2658.2375488  
4540.0      4844.6044922    2634.5065918    2659.0397949  
4560.0      4856.9467773    2643.2145996    2659.8420410  
4580.0      4869.2890625    2651.9228516    2660.6445312  
4600.0      4881.6313477    2660.6306152    2661.4467773  
4620.0      4893.9741211    2669.3388672    2662.2490234  
4640.0      4906.3164062    2678.0468750    2663.0512695  
4660.0      4918.6586914    2686.7548828    2663.8537598  
4680.0      4931.0009766    2695.4628906    2664.6560059  
4700.0      4943.3432617    2704.1708984    2665.4582520  
4720.0      4955.6855469    2712.8789062    2666.2604980  
4740.0      4968.0283203    2721.5869141    2667.0629883  
4760.0      4980.3710938    2730.2949219    2667.8652344  
4780.0      4992.7133789    2739.0029297    2668.6674805  
4800.0      5005.0556641    2747.7111816    2669.4697266  
4820.0      5017.3974609    2756.4189453    2670.2719727  
4840.0      5029.7397461    2765.1271973    2671.0742188  
4860.0      5042.0825195    2773.8352051    2671.8767090  
4880.0      5054.4248047    2782.5429688    2672.6789551  
4900.0      5066.7666016    2791.2512207    2673.4812012  
4920.0      5079.1093750    2799.9589844    2674.2836914  
4940.0      5091.4516602    2808.6672363    2675.0859375  
4960.0      5103.7939453    2817.3752441    2675.8881836  
4980.0      5116.1362305    2826.0834961    2676.6904297  
5000.0      5128.4790039    2834.7912598    2677.4929199  
