# CE_24983 -118.38401538 34.05062375
# 
# Depth (m)   Vp (m/s)        Vs(m/s)      Density(kg/m3)
   0.0       369.6567688     157.2721100    1923.3687744  
  20.0      1359.1400146     364.4880981    2079.6081543  
  40.0      1423.8835449     409.7811890    2089.8312988  
  60.0      1312.6210938     463.0190125    2072.2629395  
  80.0      1306.9635010     518.7878418    2071.3696289  
 100.0      1308.5983887     538.7481689    2071.6276855  
 120.0      1324.8753662     580.4945679    2074.1977539  
 140.0      1360.6118164     592.6640625    2079.8405762  
 160.0      1418.3731689     592.6640625    2088.9611816  
 180.0      1498.6405029     613.9840698    2101.6352539  
 200.0      1599.9792480     641.4140625    2117.6367188  
 220.0      1651.5825195     641.4140625    2125.7849121  
 240.0      1700.1462402     671.8940430    2133.4531250  
 260.0      1746.0847168     671.8940430    2140.7067871  
 280.0      1789.7247314     671.8940430    2147.5976562  
 300.0      1831.3347168     671.8940430    2154.1677246  
 320.0      1871.1347656     860.8465576    2160.4521484  
 340.0      1909.3094482     883.6766357    2166.4799805  
 360.0      1946.0170898     905.7656250    2172.2761230  
 380.0      1981.3891602     927.1754150    2177.8613281  
 400.0      2015.5416260     947.9609375    2183.2539062  
 420.0      2048.5742188     968.1702881    2188.4699707  
 440.0      2080.5747070     987.8452759    2193.5227051  
 460.0      2098.5646973    1030.2816162    2221.9082031  
 480.0      2101.6301270    1032.0289307    2225.5688477  
 500.0      2104.3918457    1033.6213379    2229.1298828  
 520.0      2117.0246582    1043.9934082    2232.5969238  
 540.0      2129.3906250    1054.2282715    2235.9760742  
 560.0      2141.5063477    1064.3339844    2239.2731934  
 580.0      2153.3876953    1074.3178711    2242.4924316  
 600.0      2165.0466309    1084.1857910    2245.6384277  
 620.0      2176.4960938    1093.9440918    2248.7155762  
 640.0      2187.7470703    1103.5982666    2251.7270508  
 660.0      2198.8093262    1113.1530762    2254.6767578  
 680.0      2209.6931152    1122.6132812    2257.5671387  
 700.0      2220.4067383    1131.9832764    2260.4016113  
 720.0      2230.9582520    1141.2668457    2263.1823730  
 740.0      2241.3549805    1150.4677734    2265.9123535  
 760.0      2251.6035156    1159.5893555    2268.5935059  
 780.0      2261.7109375    1168.6352539    2271.2277832  
 800.0      2271.6831055    1177.6079102    2273.8178711  
 820.0      2281.5253906    1186.5104980    2276.3647461  
 840.0      2291.2429199    1195.3453369    2278.8708496  
 860.0      2300.8410645    1204.1152344    2281.3371582  
 880.0      2310.3242188    1212.8226318    2283.7658691  
 900.0      2319.6958008    1221.4692383    2286.1579590  
 920.0      2328.9614258    1230.0576172    2288.5148926  
 940.0      2338.1242676    1238.5891113    2290.8376465  
 960.0      2347.1877441    1247.0664062    2293.1279297  
 980.0      2356.1555176    1255.4904785    2295.3864746  
1000.0      2365.0307617    1263.8635254    2297.6147461  
1020.0      2374.6401367    1274.1890869    2299.8134766  
1040.0      2384.1630859    1284.4663086    2302.5800781  
1060.0      2393.6022949    1294.6971436    2305.3666992  
1080.0      2402.9602051    1304.8823242    2308.1186523  
1100.0      2412.2397461    1315.0238037    2310.8366699  
1120.0      2421.4423828    1325.1220703    2313.5219727  
1140.0      2430.5712891    1335.1790771    2316.1757812  
1160.0      2439.6284180    1347.1180420    2318.7985840  
1180.0      2448.6157227    1364.2696533    2321.3913574  
1200.0      2457.5341797    1381.3132324    2323.9550781  
1220.0      2466.3872070    1398.2524414    2326.4902344  
1240.0      2475.1760254    1415.0898438    2328.9980469  
1260.0      2483.9023438    1431.8273926    2331.4790039  
1280.0      2492.5676270    1448.4682617    2333.9338379  
1300.0      2501.1735840    1465.0145264    2336.3632812  
1320.0      2509.9934082    1481.4677734    2338.7678223  
1340.0      2528.0109863    1497.8311768    2341.1481934  
1360.0      2545.8798828    1514.1068115    2343.5053711  
1380.0      2563.6022949    1530.2952881    2345.8391113  
1400.0      2581.1831055    1546.4002686    2348.1506348  
1420.0      2598.6254883    1562.4226074    2350.4401855  
1440.0      2615.9316406    1578.3643799    2352.7082520  
1460.0      2633.1059570    1594.2272949    2354.9555664  
1480.0      2655.3742676    1613.6439209    2358.0070801  
1500.0      2681.4714355    1635.7513428    2361.6633301  
1520.0      2709.8569336    1655.3912354    2365.2541504  
1540.0      2737.8515625    1674.7897949    2368.7832031  
1560.0      2765.4729004    1693.9570312    2372.2534180  
1580.0      2792.7370605    1712.9027100    2375.6669922  
1600.0      2819.6601562    1731.6365967    2379.0268555  
1620.0      2846.2573242    1750.1682129    2382.3354492  
1640.0      2872.5419922    1768.5048828    2385.5944824  
1660.0      2898.5258789    1786.6536865    2388.8059082  
1680.0      2924.2204590    1804.6224365    2391.9719238  
1700.0      2949.6396484    1822.4185791    2395.0942383  
1720.0      2974.7885742    1840.0454102    2398.1738281  
1740.0      2999.6818848    1857.5126953    2401.2133789  
1760.0      3024.3256836    1874.8227539    2404.2133789  
1780.0      3048.7321777    1891.9838867    2407.1757812  
1800.0      3072.9033203    1908.9968262    2410.1010742  
1820.0      3096.8525391    1925.8699951    2412.9914551  
1840.0      3120.5847168    1942.6062012    2415.8474121  
1860.0      3144.1083984    1959.2108154    2418.6704102  
1880.0      3167.4243164    1975.6843262    2421.4609375  
1900.0      3190.5468750    1992.0350342    2424.2207031  
1920.0      3213.4775391    2008.2645264    2426.9501953  
1940.0      3236.2214355    2024.3750000    2429.6499023  
1960.0      3258.7868652    2040.3723145    2432.3217773  
1980.0      3281.1735840    2056.2558594    2434.9653320  
2000.0      3303.3916016    2072.0322266    2437.5822754  
2020.0      3327.2973633    2088.4716797    2440.1728516  
2040.0      3351.0449219    2104.8098145    2442.7382812  
2060.0      3374.6328125    2121.0458984    2445.2783203  
2080.0      3398.0678711    2137.1845703    2447.7944336  
2100.0      3421.3549805    2153.2285156    2450.2873535  
2120.0      3444.4929199    2169.1765137    2452.7563477  
2140.0      3467.4887695    2185.0334473    2455.2031250  
2160.0      3490.3474121    2200.8024902    2457.6284180  
2180.0      3513.0722656    2216.4851074    2460.0322266  
2200.0      3535.6628418    2232.0817871    2462.4150391  
2220.0      3558.1237793    2247.5947266    2464.7773438  
2240.0      3580.4587402    2263.0263672    2467.1196289  
2260.0      3602.6696777    2278.3781738    2469.4426270  
2280.0      3624.7595215    2293.6513672    2471.7463379  
2300.0      3646.7312012    2308.8479004    2474.0312500  
2320.0      3668.5871582    2323.9702148    2476.2980957  
2340.0      3690.3293457    2339.0183105    2478.5468750  
2360.0      3711.9604492    2353.9943848    2480.7780762  
2380.0      3733.4833984    2368.9001465    2482.9921875  
2400.0      3754.8989258    2383.7363281    2485.1894531  
2420.0      3776.2104492    2398.5048828    2487.3703613  
2440.0      3797.4194336    2413.2062988    2489.5349121  
2460.0      3818.5275879    2427.8420410    2491.6835938  
2480.0      3839.5371094    2442.4138184    2493.8168945  
2500.0      3860.4504395    2456.9223633    2495.9345703  
2520.0      3873.5441895    2464.2087402    2498.0375977  
2540.0      3886.5439453    2471.2998047    2500.1257324  
2560.0      3899.4528809    2476.2719727    2502.1994629  
2580.0      3912.2714844    2481.1918945    2504.2590332  
2600.0      3925.0024414    2486.0612793    2506.3046875  
2620.0      3937.6459961    2490.8803711    2508.3364258  
2640.0      3950.2048340    2495.6503906    2510.3549805  
2660.0      3962.6791992    2500.3718262    2512.3601074  
2680.0      3975.0725098    2505.0461426    2514.3525391  
2700.0      3987.3840332    2509.6733398    2516.3320312  
2720.0      3999.6162109    2514.2548828    2518.2988281  
2740.0      4011.7700195    2518.7912598    2520.2534180  
2760.0      4023.8474121    2523.2832031    2522.1958008  
2780.0      4035.8479004    2527.7309570    2524.1262207  
2800.0      4047.7744141    2532.1359863    2526.0449219  
2820.0      4059.6279297    2536.4987793    2527.9519043  
2840.0      4071.4084473    2540.8193359    2529.8476562  
2860.0      4083.1179199    2545.0991211    2531.7319336  
2880.0      4094.7573242    2549.3383789    2533.6052246  
2900.0      4106.3281250    2553.5380859    2535.4677734  
2920.0      4117.8305664    2557.6984863    2537.3193359  
2940.0      4129.2661133    2561.8198242    2539.1604004  
2960.0      4140.6357422    2565.9030762    2540.9912109  
2980.0      4151.9399414    2569.9489746    2542.8115234  
3000.0      4163.1806641    2573.9580078    2544.6220703  
3020.0      4172.7055664    2575.3793945    2546.4223633  
3040.0      4182.1679688    2576.7646484    2548.2128906  
3060.0      4191.5688477    2578.1142578    2549.9936523  
3080.0      4200.9091797    2579.4291992    2551.7648926  
3100.0      4210.1899414    2580.7097168    2553.5266113  
3120.0      4219.2915039    2581.8867188    2555.2602539  
3140.0      4228.1435547    2582.9196777    2556.9543457  
3160.0      4236.9409180    2583.9211426    2558.6398926  
3180.0      4245.6860352    2584.8920898    2560.3171387  
3200.0      4254.3789062    2585.8332520    2561.9860840  
3220.0      4263.0200195    2586.7446289    2563.6469727  
3240.0      4271.6103516    2587.6262207    2565.2998047  
3260.0      4280.1503906    2588.4790039    2566.9445801  
3280.0      4288.6406250    2589.3029785    2568.5815430  
3300.0      4297.0810547    2590.0983887    2570.2106934  
3320.0      4305.4741211    2590.8664551    2571.8322754  
3340.0      4313.8183594    2591.6059570    2573.4462891  
3360.0      4322.1157227    2592.3188477    2575.0527344  
3380.0      4330.3652344    2593.0039062    2576.6518555  
3400.0      4338.5698242    2593.6628418    2578.2436523  
3420.0      4346.7265625    2594.2941895    2579.8281250  
3440.0      4354.8408203    2594.9016113    2581.4057617  
3460.0      4362.9096680    2595.4821777    2582.9760742  
3480.0      4370.9335938    2596.0368652    2584.5395508  
3500.0      4378.9130859    2596.5664062    2586.0959473  
3520.0      4385.9565430    2602.6848145    2587.6452637  
3540.0      4392.9589844    2608.7800293    2589.1884766  
3560.0      4399.9213867    2614.8518066    2590.7248535  
3580.0      4406.8388672    2620.8979492    2592.2543945  
3600.0      4413.7153320    2626.9201660    2593.7775879  
3620.0      4420.5512695    2632.9189453    2595.2941895  
3640.0      4427.3466797    2638.8947754    2596.8046875  
3660.0      4434.1020508    2644.8469238    2598.3085938  
3680.0      4440.8178711    2650.7763672    2599.8061523  
3700.0      4447.4941406    2656.6833496    2601.2976074  
3720.0      4454.1318359    2662.5681152    2602.7832031  
3740.0      4460.7309570    2668.4299316    2604.2622070  
3760.0      4467.2929688    2674.2707520    2605.7358398  
3780.0      4473.8164062    2680.0891113    2607.2031250  
3800.0      4480.3032227    2685.8864746    2608.6645508  
3820.0      4486.7529297    2691.6625977    2610.1203613  
3840.0      4493.1665039    2697.4174805    2611.5703125  
3860.0      4499.5434570    2703.1513672    2613.0146484  
3880.0      4505.8852539    2708.8652344    2614.4531250  
3900.0      4512.1909180    2714.5578613    2615.8859863  
3920.0      4518.4619141    2720.2307129    2617.3134766  
3940.0      4524.6977539    2725.8830566    2618.7355957  
3960.0      4530.9003906    2731.5163574    2620.1520996  
3980.0      4537.0673828    2737.1291504    2621.5632324  
4000.0      4543.2011719    2742.7226562    2622.9689941  
4020.0      4553.6533203    2422.2233887    2623.4492188  
4040.0      4559.8842773    2428.9052734    2623.2629395  
4060.0      4566.1147461    2435.5869141    2623.0766602  
4080.0      4572.3452148    2442.2690430    2622.8903809  
4100.0      4578.5761719    2448.9509277    2622.7041016  
4120.0      4584.8066406    2455.6325684    2622.5175781  
4140.0      4591.0371094    2462.3144531    2622.3312988  
4160.0      4597.2680664    2468.9965820    2622.1450195  
4180.0      4603.4985352    2475.6782227    2621.9587402  
4200.0      4609.7294922    2482.3601074    2621.7724609  
4220.0      4615.9594727    2489.0419922    2621.5859375  
4240.0      4622.1904297    2495.7238770    2621.3999023  
4260.0      4628.4208984    2502.4057617    2621.2133789  
4280.0      4634.6518555    2509.0876465    2621.0270996  
4300.0      4640.8823242    2515.7695312    2620.8408203  
4320.0      4647.1127930    2522.4511719    2620.6545410  
4340.0      4653.3437500    2529.1330566    2620.4682617  
4360.0      4659.5742188    2535.8151855    2620.2817383  
4380.0      4665.8051758    2542.4968262    2620.0957031  
4400.0      4672.0356445    2549.1787109    2619.9091797  
4420.0      4678.2661133    2555.8605957    2619.7229004  
4440.0      4684.4970703    2562.5424805    2619.5366211  
4460.0      4690.7275391    2569.2243652    2619.3500977  
4480.0      4696.9580078    2575.9060059    2619.1638184  
4500.0      4703.1889648    2582.5881348    2618.9775391  
4520.0      4709.4970703    2583.3457031    2618.7912598  
4540.0      4715.8056641    2584.1032715    2618.6049805  
4560.0      4722.1142578    2584.8605957    2618.4187012  
4580.0      4728.4228516    2585.6181641    2618.2324219  
4600.0      4734.7309570    2586.3759766    2618.0458984  
4620.0      4741.0400391    2587.1333008    2617.8596191  
4640.0      4747.3486328    2587.8906250    2617.6733398  
4660.0      4753.6567383    2588.6484375    2617.4870605  
4680.0      4759.9653320    2589.4057617    2617.3007812  
4700.0      4766.2739258    2590.1635742    2617.1142578  
4720.0      4772.5825195    2590.9208984    2616.9282227  
4740.0      4778.8916016    2591.6784668    2616.7416992  
4760.0      4785.1997070    2592.4360352    2616.5554199  
4780.0      4791.5078125    2593.1936035    2616.3691406  
4800.0      4797.8164062    2593.9511719    2616.1826172  
4820.0      4804.1250000    2594.7087402    2615.9965820  
4840.0      4810.4335938    2595.4660645    2615.8100586  
4860.0      4816.7421875    2596.2238770    2615.6237793  
4880.0      4823.0507812    2596.9812012    2615.4375000  
4900.0      4829.3588867    2597.7387695    2615.2512207  
4920.0      4835.6674805    2598.4960938    2615.0649414  
4940.0      4841.9760742    2599.2539062    2614.8784180  
4960.0      4848.2846680    2600.0114746    2614.6921387  
4980.0      4854.5927734    2600.7690430    2614.5058594  
5000.0      4860.9018555    2601.5263672    2614.3195801  
