# CI_CJM -117.42440727 34.27118789
# 
# Depth (m)   Vp (m/s)        Vs(m/s)      Density(kg/m3)
   0.0      4245.0590820    2404.5109863    2737.7746582  
  20.0      4233.2299805    2395.4843750    2737.7746582  
  40.0      4221.4003906    2386.4580078    2737.7746582  
  60.0      4209.5712891    2377.4313965    2737.7746582  
  80.0      4197.7416992    2368.4047852    2737.7746582  
 100.0      4185.9121094    2359.3781738    2737.7746582  
 120.0      4174.0830078    2350.3515625    2737.7746582  
 140.0      4162.2539062    2341.3249512    2737.7746582  
 160.0      4150.4243164    2332.2983398    2737.7746582  
 180.0      4138.5947266    2323.2719727    2737.7746582  
 200.0      4126.7656250    2314.2453613    2737.7746582  
 220.0      4114.9360352    2305.2187500    2737.7746582  
 240.0      4103.1069336    2296.1921387    2737.7746582  
 260.0      4091.2773438    2287.1655273    2737.7746582  
 280.0      4079.4479980    2278.1389160    2737.7746582  
 300.0      4067.6186523    2269.1123047    2737.7746582  
 320.0      4055.7893066    2260.0859375    2737.7746582  
 340.0      4043.9599609    2251.0593262    2737.7746582  
 360.0      4032.1303711    2242.0327148    2737.7746582  
 380.0      4020.3012695    2233.0061035    2737.7746582  
 400.0      4008.4716797    2223.9794922    2737.7746582  
 420.0      3996.6425781    2214.9528809    2737.7746582  
 440.0      3984.8129883    2205.9262695    2737.7746582  
 460.0      3972.9836426    2196.8999023    2737.7746582  
 480.0      3961.1542969    2187.8732910    2737.7746582  
 500.0      3949.3249512    2178.8466797    2737.7746582  
 520.0      3959.7905273    2186.7607422    2737.7746582  
 540.0      3970.2561035    2194.6748047    2737.7746582  
 560.0      3980.7216797    2202.5888672    2737.7746582  
 580.0      3991.1870117    2210.5029297    2737.7746582  
 600.0      4001.6528320    2218.4169922    2737.7746582  
 620.0      4012.1181641    2226.3310547    2737.7746582  
 640.0      4022.5839844    2234.2451172    2737.7746582  
 660.0      4033.0493164    2242.1591797    2737.7746582  
 680.0      4043.5151367    2250.0732422    2737.7746582  
 700.0      4053.9804688    2257.9875488    2737.7746582  
 720.0      4064.4462891    2265.9016113    2737.7746582  
 740.0      4074.9116211    2273.8156738    2737.7746582  
 760.0      4085.3771973    2281.7297363    2737.7746582  
 780.0      4095.8427734    2289.6437988    2737.7746582  
 800.0      4106.3085938    2297.5578613    2737.7746582  
 820.0      4116.7739258    2305.4719238    2737.7746582  
 840.0      4127.2392578    2313.3859863    2737.7746582  
 860.0      4137.7050781    2321.3000488    2737.7746582  
 880.0      4148.1708984    2329.2143555    2737.7746582  
 900.0      4158.6362305    2337.1284180    2737.7746582  
 920.0      4169.1015625    2345.0424805    2737.7746582  
 940.0      4179.5673828    2352.9565430    2737.7746582  
 960.0      4190.0332031    2360.8706055    2737.7746582  
 980.0      4200.4985352    2368.7846680    2737.7746582  
1000.0      4210.9697266    2376.7160645    2737.7756348  
1020.0      4223.0615234    2386.5344238    2737.8525391  
1040.0      4235.1533203    2396.3535156    2737.9294434  
1060.0      4247.2451172    2406.1718750    2738.0063477  
1080.0      4259.3374023    2415.9907227    2738.0830078  
1100.0      4271.4287109    2425.8093262    2738.1599121  
1120.0      4283.5205078    2435.6284180    2738.2368164  
1140.0      4295.6123047    2445.4467773    2738.3134766  
1160.0      4307.7041016    2455.2656250    2738.3906250  
1180.0      4319.7958984    2465.0842285    2738.4672852  
1200.0      4331.8876953    2474.9028320    2738.5441895  
1220.0      4343.9794922    2484.7216797    2738.6210938  
1240.0      4356.0708008    2494.5400391    2738.6977539  
1260.0      4368.1625977    2504.3588867    2738.7749023  
1280.0      4380.2543945    2514.1774902    2738.8515625  
1300.0      4392.3461914    2523.9963379    2738.9284668  
1320.0      4404.4379883    2533.8149414    2739.0053711  
1340.0      4416.5302734    2543.6337891    2739.0822754  
1360.0      4428.6220703    2553.4521484    2739.1591797  
1380.0      4440.7138672    2563.2709961    2739.2358398  
1400.0      4452.8046875    2573.0895996    2739.3127441  
1420.0      4464.8964844    2582.9082031    2739.3896484  
1440.0      4476.9887695    2592.7272949    2739.4665527  
1460.0      4489.0805664    2602.5458984    2739.5434570  
1480.0      4501.1723633    2612.3645020    2739.6201172  
1500.0      4513.2641602    2622.1831055    2739.6970215  
1520.0      4522.2465820    2628.7568359    2739.7739258  
1540.0      4531.2304688    2635.3305664    2739.8508301  
1560.0      4540.2128906    2641.9040527    2739.9277344  
1580.0      4549.1958008    2648.4775391    2740.0043945  
1600.0      4558.1787109    2655.0510254    2740.0812988  
1620.0      4567.1621094    2661.6247559    2740.1582031  
1640.0      4576.1445312    2668.1982422    2740.2351074  
1660.0      4585.1284180    2674.7719727    2740.3120117  
1680.0      4594.1103516    2681.3452148    2740.3886719  
1700.0      4603.0942383    2687.9189453    2740.4655762  
1720.0      4612.0771484    2694.4924316    2740.5424805  
1740.0      4621.0600586    2701.0661621    2740.6193848  
1760.0      4630.0429688    2707.6396484    2740.6962891  
1780.0      4639.0263672    2714.2133789    2740.7731934  
1800.0      4648.0097656    2720.7866211    2740.8500977  
1820.0      4656.9926758    2727.3603516    2740.9267578  
1840.0      4665.9750977    2733.9338379    2741.0036621  
1860.0      4674.9580078    2740.5078125    2741.0805664  
1880.0      4683.9414062    2747.0812988    2741.1572266  
1900.0      4692.9243164    2753.6547852    2741.2343750  
1920.0      4701.9072266    2760.2280273    2741.3110352  
1940.0      4710.8906250    2766.8020020    2741.3879395  
1960.0      4719.8735352    2773.3754883    2741.4648438  
1980.0      4728.8564453    2779.9489746    2741.5415039  
2000.0      4737.8388672    2786.5227051    2741.6184082  
2020.0      4747.4291992    2793.5292969    2741.6953125  
2040.0      4757.0190430    2800.5358887    2741.7722168  
2060.0      4766.6083984    2807.5424805    2741.8491211  
2080.0      4776.1977539    2814.5493164    2741.9257812  
2100.0      4785.7875977    2821.5559082    2742.0026855  
2120.0      4795.3769531    2828.5625000    2742.0795898  
2140.0      4804.9667969    2835.5690918    2742.1564941  
2160.0      4814.5566406    2842.5761719    2742.2333984  
2180.0      4824.1459961    2849.5827637    2742.3100586  
2200.0      4833.7358398    2856.5893555    2742.3872070  
2220.0      4843.3251953    2863.5961914    2742.4638672  
2240.0      4852.9150391    2870.6027832    2742.5407715  
2260.0      4862.5048828    2877.6093750    2742.6176758  
2280.0      4872.0942383    2884.6164551    2742.6945801  
2300.0      4881.6835938    2891.6228027    2742.7712402  
2320.0      4891.2734375    2898.6296387    2742.8481445  
2340.0      4900.8627930    2905.6362305    2742.9250488  
2360.0      4910.4526367    2912.6430664    2743.0019531  
2380.0      4920.0424805    2919.6494141    2743.0788574  
2400.0      4929.6318359    2926.6562500    2743.1557617  
2420.0      4939.2216797    2933.6628418    2743.2324219  
2440.0      4948.8115234    2940.6699219    2743.3093262  
2460.0      4958.4008789    2947.6762695    2743.3862305  
2480.0      4967.9907227    2954.6828613    2743.4631348  
2500.0      4977.5800781    2961.6896973    2743.5400391  
2520.0      4982.9775391    2964.6750488    2743.6166992  
2540.0      4988.3740234    2967.6601562    2743.6936035  
2560.0      4993.7714844    2970.6452637    2743.7705078  
2580.0      4999.1684570    2973.6303711    2743.8474121  
2600.0      5004.5649414    2976.6159668    2743.9243164  
2620.0      5009.9619141    2979.6010742    2744.0009766  
2640.0      5015.3588867    2982.5864258    2744.0778809  
2660.0      5020.7558594    2985.5717773    2744.1547852  
2680.0      5026.1533203    2988.5571289    2744.2316895  
2700.0      5031.5502930    2991.5422363    2744.3085938  
2720.0      5036.9472656    2994.5273438    2744.3852539  
2740.0      5042.3437500    2997.5129395    2744.4621582  
2760.0      5047.7412109    3000.4980469    2744.5390625  
2780.0      5053.1376953    3003.4831543    2744.6159668  
2800.0      5058.5346680    3006.4682617    2744.6928711  
2820.0      5063.9321289    3009.4538574    2744.7695312  
2840.0      5069.3291016    3012.4389648    2744.8464355  
2860.0      5074.7260742    3015.4240723    2744.9233398  
2880.0      5080.1225586    3018.4094238    2745.0002441  
2900.0      5085.5200195    3021.3947754    2745.0771484  
2920.0      5090.9165039    3024.3798828    2745.1538086  
2940.0      5096.3134766    3027.3652344    2745.2307129  
2960.0      5101.7109375    3030.3500977    2745.3076172  
2980.0      5107.1074219    3033.3356934    2745.3845215  
3000.0      5112.5048828    3036.3208008    2745.4614258  
3020.0      5117.8847656    3039.1254883    2745.5380859  
3040.0      5123.2651367    3041.9296875    2745.6149902  
3060.0      5128.6455078    3044.7343750    2745.6918945  
3080.0      5134.0263672    3047.5388184    2745.7687988  
3100.0      5139.4067383    3050.3432617    2745.8457031  
3120.0      5144.7871094    3053.1479492    2745.9223633  
3140.0      5150.1674805    3055.9521484    2745.9995117  
3160.0      5155.5473633    3058.7565918    2746.0761719  
3180.0      5160.9277344    3061.5612793    2746.1530762  
3200.0      5166.3085938    3064.3657227    2746.2299805  
3220.0      5171.6889648    3067.1699219    2746.3066406  
3240.0      5177.0693359    3069.9746094    2746.3837891  
3260.0      5182.4497070    3072.7790527    2746.4604492  
3280.0      5187.8300781    3075.5834961    2746.5373535  
3300.0      5193.2099609    3078.3876953    2746.6142578  
3320.0      5198.5908203    3081.1923828    2746.6909180  
3340.0      5203.9711914    3083.9970703    2746.7678223  
3360.0      5209.3515625    3086.8012695    2746.8447266  
3380.0      5214.7319336    3089.6059570    2746.9216309  
3400.0      5220.1118164    3092.4104004    2746.9985352  
3420.0      5225.4926758    3095.2148438    2747.0754395  
3440.0      5230.8725586    3098.0190430    2747.1520996  
3460.0      5236.2539062    3100.8237305    2747.2290039  
3480.0      5241.6337891    3103.6281738    2747.3059082  
3500.0      5247.0141602    3106.4326172    2747.3828125  
3520.0      5251.1088867    3108.2917480    2747.4597168  
3540.0      5255.2031250    3110.1511230    2747.5363770  
3560.0      5259.2978516    3112.0104980    2747.6132812  
3580.0      5263.3930664    3113.8698730    2747.6901855  
3600.0      5267.4882812    3115.7292480    2747.7670898  
3620.0      5271.5825195    3117.5886230    2747.8439941  
3640.0      5275.6772461    3119.4477539    2747.9208984  
3660.0      5279.7719727    3121.3068848    2747.9975586  
3680.0      5283.8666992    3123.1665039    2748.0744629  
3700.0      5287.9614258    3125.0258789    2748.1513672  
3720.0      5292.0561523    3126.8850098    2748.2280273  
3740.0      5296.1508789    3128.7441406    2748.3051758  
3760.0      5300.2456055    3130.6035156    2748.3818359  
3780.0      5304.3408203    3132.4628906    2748.4587402  
3800.0      5308.4355469    3134.3222656    2748.5356445  
3820.0      5312.5297852    3136.1816406    2748.6123047  
3840.0      5316.6245117    3138.0407715    2748.6894531  
3860.0      5320.7192383    3139.9001465    2748.7661133  
3880.0      5324.8139648    3141.7592773    2748.8430176  
3900.0      5328.9091797    3143.6188965    2748.9199219  
3920.0      5333.0034180    3145.4780273    2748.9965820  
3940.0      5337.0986328    3147.3374023    2749.0737305  
3960.0      5341.1928711    3149.1965332    2749.1503906  
3980.0      5345.2875977    3151.0559082    2749.2272949  
4000.0      5349.3828125    3152.9155273    2749.3041992  
4020.0      5354.3066406    3155.2966309    2749.3811035  
4040.0      5359.2309570    3157.6782227    2749.4580078  
4060.0      5364.1547852    3160.0598145    2749.5346680  
4080.0      5369.0791016    3162.4409180    2749.6115723  
4100.0      5374.0034180    3164.8222656    2749.6884766  
4120.0      5378.9267578    3167.2038574    2749.7653809  
4140.0      5383.8510742    3169.5852051    2749.8422852  
4160.0      5388.7749023    3171.9665527    2749.9189453  
4180.0      5393.6992188    3174.3481445    2749.9958496  
4200.0      5398.6230469    3176.7292480    2750.0727539  
4220.0      5403.5473633    3179.1108398    2750.1496582  
4240.0      5408.4716797    3181.4921875    2750.2265625  
4260.0      5413.3955078    3183.8735352    2750.3034668  
4280.0      5418.3193359    3186.2548828    2750.3801270  
4300.0      5423.2441406    3188.6364746    2750.4570312  
4320.0      5428.1674805    3191.0178223    2750.5339355  
4340.0      5433.0917969    3193.3994141    2750.6108398  
4360.0      5438.0156250    3195.7805176    2750.6875000  
4380.0      5442.9399414    3198.1623535    2750.7646484  
4400.0      5447.8637695    3200.5432129    2750.8413086  
4420.0      5452.7875977    3202.9250488    2750.9182129  
4440.0      5457.7124023    3205.3063965    2750.9951172  
4460.0      5462.6362305    3207.6877441    2751.0717773  
4480.0      5467.5595703    3210.0690918    2751.1486816  
4500.0      5472.4843750    3212.4506836    2751.2255859  
4520.0      5479.3549805    3216.3593750    2751.3024902  
4540.0      5486.2265625    3220.2678223    2751.3793945  
4560.0      5493.0976562    3224.1767578    2751.4560547  
4580.0      5499.9692383    3228.0856934    2751.5332031  
4600.0      5506.8403320    3231.9943848    2751.6098633  
4620.0      5513.7119141    3235.9033203    2751.6867676  
4640.0      5520.5825195    3239.8117676    2751.7636719  
4660.0      5527.4541016    3243.7207031    2751.8405762  
4680.0      5534.3251953    3247.6293945    2751.9172363  
4700.0      5541.1962891    3251.5383301    2751.9941406  
4720.0      5548.0678711    3255.4470215    2752.0710449  
4740.0      5554.9389648    3259.3554688    2752.1479492  
4760.0      5561.8105469    3263.2644043    2752.2248535  
4780.0      5568.6816406    3267.1733398    2752.3017578  
4800.0      5575.5527344    3271.0820312    2752.3784180  
4820.0      5582.4243164    3274.9909668    2752.4553223  
4840.0      5589.2954102    3278.8996582    2752.5322266  
4860.0      5596.1665039    3282.8085938    2752.6091309  
4880.0      5603.0375977    3286.7172852    2752.6860352  
4900.0      5609.9091797    3290.6262207    2752.7626953  
4920.0      5616.7797852    3294.5349121    2752.8395996  
4940.0      5623.6513672    3298.4433594    2752.9165039  
4960.0      5630.5224609    3302.3522949    2752.9934082  
4980.0      5637.3940430    3306.2609863    2753.0703125  
5000.0      5644.2651367    3310.1699219    2753.1469727  
