# CI_FON -117.43885195 34.09956832
# 
# Depth (m)   Vp (m/s)        Vs(m/s)      Density(kg/m3)
   0.0       348.4389954     207.2539978    1920.0185547  
  20.0      1387.3299561     487.6560059    2084.0593262  
  40.0      1708.3199463     640.0479736    2134.7436523  
  60.0      1687.2713623     752.9927368    2131.4201660  
  80.0      1687.4710693     753.1079102    2131.4516602  
 100.0      1703.5322266     762.3864136    2133.9877930  
 120.0      1746.6131592     787.4122925    2140.7902832  
 140.0      1823.5820312     832.6139526    2152.9436035  
 160.0      1937.4970703     900.6267700    2170.9306641  
 180.0      2087.9177246     992.3732910    2194.6821289  
 200.0      2221.0417480    1099.7382812    2241.2819824  
 220.0      2231.8786621    1092.6214600    2250.1821289  
 240.0      2241.1247559    1085.5046387    2258.5573730  
 260.0      2248.9958496    1078.3876953    2266.4794922  
 280.0      2255.6647949    1071.2708740    2274.0048828  
 300.0      2261.2712402    1064.1540527    2281.1801758  
 320.0      2265.9309082    1184.5024414    2288.0432129  
 340.0      2269.7404785    1190.2774658    2294.6257324  
 360.0      2272.7817383    1195.6280518    2301.2421875  
 380.0      2275.1247559    1200.5899658    2309.1752930  
 400.0      2276.8298340    1205.1945801    2316.8347168  
 420.0      2277.9489746    1226.4705811    2324.2431641  
 440.0      4795.9208984    2676.2238770    2733.5161133  
 460.0      4779.7675781    2669.1069336    2733.5161133  
 480.0      4763.6152344    2661.9902344    2733.5161133  
 500.0      4747.4624023    2654.8732910    2733.5161133  
 520.0      4758.0839844    2661.5688477    2733.5161133  
 540.0      4768.7060547    2668.2641602    2733.5161133  
 560.0      4779.3281250    2674.9597168    2733.5161133  
 580.0      4789.9501953    2681.6552734    2733.5161133  
 600.0      4800.5722656    2688.3505859    2733.5161133  
 620.0      4811.1938477    2695.0461426    2733.5161133  
 640.0      4821.8159180    2701.7414551    2733.5161133  
 660.0      4832.4379883    2708.4370117    2733.5161133  
 680.0      4843.0600586    2715.1325684    2733.5161133  
 700.0      4853.6816406    2721.8278809    2733.5161133  
 720.0      4864.3037109    2728.5234375    2733.5161133  
 740.0      4874.9257812    2735.2187500    2733.5161133  
 760.0      4885.5478516    2741.9143066    2733.5161133  
 780.0      4896.1699219    2748.6098633    2733.5161133  
 800.0      4906.7915039    2755.3051758    2733.5161133  
 820.0      4917.4135742    2762.0007324    2733.5161133  
 840.0      4928.0356445    2768.6962891    2733.5161133  
 860.0      4938.6577148    2775.3916016    2733.5161133  
 880.0      4949.2792969    2782.0871582    2733.5161133  
 900.0      4959.9013672    2788.7824707    2733.5161133  
 920.0      4970.5234375    2795.4780273    2733.5161133  
 940.0      4981.1455078    2802.1735840    2733.5161133  
 960.0      4991.7675781    2808.8688965    2733.5161133  
 980.0      5002.3891602    2815.5644531    2733.5161133  
1000.0      5013.0449219    2822.2915039    2733.5214844  
1020.0      5028.4887695    2833.3789062    2733.9567871  
1040.0      5043.9335938    2844.4667969    2734.3920898  
1060.0      5059.3779297    2855.5544434    2734.8276367  
1080.0      5074.8222656    2866.6423340    2735.2629395  
1100.0      5090.2661133    2877.7302246    2735.6982422  
1120.0      5105.7114258    2888.8178711    2736.1337891  
1140.0      5121.1552734    2899.9055176    2736.5690918  
1160.0      5136.6000977    2910.9934082    2737.0046387  
1180.0      5152.0444336    2922.0810547    2737.4399414  
1200.0      5167.4887695    2933.1684570    2737.8754883  
1220.0      5182.9326172    2944.2565918    2738.3107910  
1240.0      5198.3769531    2955.3442383    2738.7460938  
1260.0      5213.8212891    2966.4321289    2739.1816406  
1280.0      5229.2661133    2977.5197754    2739.6169434  
1300.0      5244.7104492    2988.6074219    2740.0522461  
1320.0      5260.1542969    2999.6950684    2740.4877930  
1340.0      5275.5986328    3010.7829590    2740.9230957  
1360.0      5291.0429688    3021.8706055    2741.3583984  
1380.0      5306.4873047    3032.9584961    2741.7939453  
1400.0      5321.9316406    3044.0461426    2742.2292480  
1420.0      5337.3759766    3055.1340332    2742.6645508  
1440.0      5352.8208008    3066.2216797    2743.1000977  
1460.0      5368.2651367    3077.3093262    2743.5356445  
1480.0      5383.7089844    3088.3972168    2743.9709473  
1500.0      5399.1538086    3099.4851074    2744.4062500  
1520.0      5409.4003906    3106.4663086    2744.8417969  
1540.0      5419.6479492    3113.4472656    2745.2770996  
1560.0      5429.8950195    3120.4282227    2745.7124023  
1580.0      5440.1425781    3127.4094238    2746.1479492  
1600.0      5450.3896484    3134.3906250    2746.5832520  
1620.0      5460.6367188    3141.3720703    2747.0185547  
1640.0      5470.8837891    3148.3530273    2747.4541016  
1660.0      5481.1313477    3155.3342285    2747.8894043  
1680.0      5491.3779297    3162.3154297    2748.3247070  
1700.0      5501.6259766    3169.2966309    2748.7602539  
1720.0      5511.8730469    3176.2775879    2749.1955566  
1740.0      5522.1201172    3183.2587891    2749.6308594  
1760.0      5532.3671875    3190.2397461    2750.0664062  
1780.0      5542.6142578    3197.2211914    2750.5017090  
1800.0      5552.8613281    3204.2026367    2750.9370117  
1820.0      5563.1088867    3211.1835938    2751.3725586  
1840.0      5573.3559570    3218.1645508    2751.8078613  
1860.0      5583.6035156    3225.1457520    2752.2434082  
1880.0      5593.8505859    3232.1269531    2752.6787109  
1900.0      5604.0976562    3239.1081543    2753.1142578  
1920.0      5614.3452148    3246.0891113    2753.5495605  
1940.0      5624.5917969    3253.0703125    2753.9848633  
1960.0      5634.8393555    3260.0515137    2754.4204102  
1980.0      5645.0869141    3267.0327148    2754.8557129  
2000.0      5655.3339844    3274.0136719    2755.2910156  
2020.0      5665.4619141    3280.9062500    2755.7265625  
2040.0      5675.5888672    3287.7985840    2756.1618652  
2060.0      5685.7172852    3294.6906738    2756.5974121  
2080.0      5695.8447266    3301.5834961    2757.0327148  
2100.0      5705.9721680    3308.4753418    2757.4680176  
2120.0      5716.0996094    3315.3679199    2757.9035645  
2140.0      5726.2275391    3322.2602539    2758.3388672  
2160.0      5736.3554688    3329.1523438    2758.7744141  
2180.0      5746.4824219    3336.0449219    2759.2097168  
2200.0      5756.6103516    3342.9375000    2759.6450195  
2220.0      5766.7382812    3349.8295898    2760.0805664  
2240.0      5776.8657227    3356.7219238    2760.5158691  
2260.0      5786.9931641    3363.6140137    2760.9511719  
2280.0      5797.1210938    3370.5068359    2761.3867188  
2300.0      5807.2485352    3377.3989258    2761.8220215  
2320.0      5817.3764648    3384.2912598    2762.2573242  
2340.0      5827.5039062    3391.1835938    2762.6928711  
2360.0      5837.6323242    3398.0761719    2763.1284180  
2380.0      5847.7592773    3404.9682617    2763.5634766  
2400.0      5857.8872070    3411.8603516    2763.9990234  
2420.0      5868.0141602    3418.7531738    2764.4343262  
2440.0      5878.1425781    3425.6452637    2764.8698730  
2460.0      5888.2695312    3432.5375977    2765.3051758  
2480.0      5898.3974609    3439.4299316    2765.7407227  
2500.0      5908.5253906    3446.3222656    2766.1760254  
2520.0      5911.0502930    3448.6354980    2766.6113281  
2540.0      5913.5756836    3450.9487305    2767.0468750  
2560.0      5916.1010742    3453.2617188    2767.4821777  
2580.0      5918.6259766    3455.5747070    2767.9174805  
2600.0      5921.1513672    3457.8876953    2768.3530273  
2620.0      5923.6762695    3460.2006836    2768.7883301  
2640.0      5926.2011719    3462.5139160    2769.2236328  
2660.0      5928.7265625    3464.8269043    2769.6591797  
2680.0      5931.2519531    3467.1401367    2770.0944824  
2700.0      5933.7773438    3469.4531250    2770.5297852  
2720.0      5936.3022461    3471.7663574    2770.9653320  
2740.0      5938.8281250    3474.0795898    2771.4008789  
2760.0      5941.3525391    3476.3923340    2771.8359375  
2780.0      5943.8779297    3478.7053223    2772.2714844  
2800.0      5946.4028320    3481.0185547    2772.7067871  
2820.0      5948.9282227    3483.3317871    2773.1423340  
2840.0      5951.4536133    3485.6445312    2773.5776367  
2860.0      5953.9785156    3487.9577637    2774.0131836  
2880.0      5956.5043945    3490.2709961    2774.4484863  
2900.0      5959.0292969    3492.5839844    2774.8837891  
2920.0      5961.5546875    3494.8967285    2775.3193359  
2940.0      5964.0795898    3497.2099609    2775.7546387  
2960.0      5966.6044922    3499.5231934    2776.1899414  
2980.0      5969.1298828    3501.8361816    2776.6254883  
3000.0      5971.6547852    3504.1494141    2777.0607910  
3020.0      5976.0507812    3508.6018066    2777.4963379  
3040.0      5980.4453125    3513.0539551    2777.9316406  
3060.0      5984.8408203    3517.5063477    2778.3669434  
3080.0      5989.2363281    3521.9587402    2778.8024902  
3100.0      5993.6313477    3526.4108887    2779.2377930  
3120.0      5998.0273438    3530.8632812    2779.6733398  
3140.0      6002.4223633    3535.3154297    2780.1086426  
3160.0      6006.8178711    3539.7680664    2780.5439453  
3180.0      6011.2128906    3544.2202148    2780.9794922  
3200.0      6015.6079102    3548.6726074    2781.4147949  
3220.0      6020.0039062    3553.1250000    2781.8500977  
3240.0      6024.3984375    3557.5771484    2782.2856445  
3260.0      6028.7944336    3562.0295410    2782.7209473  
3280.0      6033.1894531    3566.4819336    2783.1562500  
3300.0      6037.5844727    3570.9343262    2783.5917969  
3320.0      6041.9799805    3575.3864746    2784.0270996  
3340.0      6046.3750000    3579.8388672    2784.4624023  
3360.0      6050.7709961    3584.2912598    2784.8979492  
3380.0      6055.1660156    3588.7434082    2785.3334961  
3400.0      6059.5615234    3593.1960449    2785.7687988  
3420.0      6063.9565430    3597.6484375    2786.2041016  
3440.0      6068.3515625    3602.1005859    2786.6396484  
3460.0      6072.7475586    3606.5527344    2787.0749512  
3480.0      6077.1420898    3611.0051270    2787.5102539  
3500.0      6081.5380859    3615.4575195    2787.9458008  
3520.0      6080.6811523    3615.7941895    2788.3811035  
3540.0      6079.8242188    3616.1311035    2788.8164062  
3560.0      6078.9672852    3616.4677734    2789.2519531  
3580.0      6078.1108398    3616.8046875    2789.6872559  
3600.0      6077.2539062    3617.1413574    2790.1225586  
3620.0      6076.3974609    3617.4780273    2790.5581055  
3640.0      6075.5405273    3617.8146973    2790.9934082  
3660.0      6074.6840820    3618.1516113    2791.4287109  
3680.0      6073.8271484    3618.4882812    2791.8642578  
3700.0      6072.9702148    3618.8249512    2792.2995605  
3720.0      6072.1137695    3619.1616211    2792.7351074  
3740.0      6071.2573242    3619.4985352    2793.1704102  
3760.0      6070.4003906    3619.8352051    2793.6059570  
3780.0      6069.5434570    3620.1721191    2794.0412598  
3800.0      6068.6865234    3620.5087891    2794.4765625  
3820.0      6067.8300781    3620.8452148    2794.9121094  
3840.0      6066.9736328    3621.1823730    2795.3474121  
3860.0      6066.1162109    3621.5190430    2795.7827148  
3880.0      6065.2597656    3621.8557129    2796.2182617  
3900.0      6064.4033203    3622.1923828    2796.6535645  
3920.0      6063.5463867    3622.5292969    2797.0888672  
3940.0      6062.6894531    3622.8659668    2797.5244141  
3960.0      6061.8325195    3623.2026367    2797.9597168  
3980.0      6060.9760742    3623.5393066    2798.3950195  
4000.0      6060.1191406    3623.8759766    2798.8305664  
4020.0      6058.9101562    3624.7709961    2799.2658691  
4040.0      6057.7006836    3625.6655273    2799.7014160  
4060.0      6056.4912109    3626.5603027    2800.1367188  
4080.0      6055.2817383    3627.4548340    2800.5722656  
4100.0      6054.0722656    3628.3496094    2801.0075684  
4120.0      6052.8627930    3629.2443848    2801.4428711  
4140.0      6051.6533203    3630.1389160    2801.8784180  
4160.0      6050.4438477    3631.0336914    2802.3137207  
4180.0      6049.2348633    3631.9282227    2802.7490234  
4200.0      6048.0249023    3632.8229980    2803.1845703  
4220.0      6046.8154297    3633.7177734    2803.6198730  
4240.0      6045.6059570    3634.6123047    2804.0551758  
4260.0      6044.3964844    3635.5070801    2804.4907227  
4280.0      6043.1870117    3636.4018555    2804.9260254  
4300.0      6041.9775391    3637.2963867    2805.3613281  
4320.0      6040.7680664    3638.1914062    2805.7968750  
4340.0      6039.5585938    3639.0859375    2806.2321777  
4360.0      6038.3486328    3639.9807129    2806.6674805  
4380.0      6037.1396484    3640.8754883    2807.1030273  
4400.0      6035.9301758    3641.7700195    2807.5385742  
4420.0      6034.7211914    3642.6645508    2807.9738770  
4440.0      6033.5112305    3643.5593262    2808.4091797  
4460.0      6032.3022461    3644.4541016    2808.8447266  
4480.0      6031.0922852    3645.3488770    2809.2800293  
4500.0      6029.8828125    3646.2434082    2809.7153320  
4520.0      6030.5556641    3646.3657227    2810.1508789  
4540.0      6031.2290039    3646.4882812    2810.5861816  
4560.0      6031.9013672    3646.6103516    2811.0217285  
4580.0      6032.5742188    3646.7326660    2811.4570312  
4600.0      6033.2465820    3646.8549805    2811.8923340  
4620.0      6033.9194336    3646.9775391    2812.3278809  
4640.0      6034.5917969    3647.0998535    2812.7631836  
4660.0      6035.2646484    3647.2219238    2813.1984863  
4680.0      6035.9375000    3647.3442383    2813.6337891  
4700.0      6036.6098633    3647.4665527    2814.0693359  
4720.0      6037.2832031    3647.5891113    2814.5048828  
4740.0      6037.9555664    3647.7111816    2814.9401855  
4760.0      6038.6284180    3647.8334961    2815.3754883  
4780.0      6039.3007812    3647.9558105    2815.8110352  
4800.0      6039.9741211    3648.0781250    2816.2463379  
4820.0      6040.6464844    3648.2006836    2816.6816406  
4840.0      6041.3188477    3648.3227539    2817.1171875  
4860.0      6041.9921875    3648.4448242    2817.5524902  
4880.0      6042.6645508    3648.5676270    2817.9877930  
4900.0      6043.3374023    3648.6896973    2818.4233398  
4920.0      6044.0102539    3648.8122559    2818.8588867  
4940.0      6044.6831055    3648.9343262    2819.2941895  
4960.0      6045.3559570    3649.0566406    2819.7294922  
4980.0      6046.0283203    3649.1791992    2820.1650391  
5000.0      6046.7011719    3649.3012695    2820.6003418  
