# CI_SRN -117.78949915 33.82855653
# 
# Depth (m)   Vp (m/s)        Vs(m/s)      Density(kg/m3)
   0.0      3480.0651855    1907.3665771    2531.6157227  
  20.0      3476.2258301    1903.8283691    2531.6157227  
  40.0      3472.3864746    1900.2902832    2531.6157227  
  60.0      3468.5471191    1896.7520752    2531.6157227  
  80.0      3464.7077637    1893.2139893    2531.6157227  
 100.0      3460.8686523    1889.6757812    2531.6157227  
 120.0      3457.0292969    1886.1376953    2531.6157227  
 140.0      3453.1899414    1882.5994873    2531.6157227  
 160.0      3449.3505859    1879.0614014    2531.6157227  
 180.0      3445.5112305    1875.5231934    2531.6157227  
 200.0      3441.6718750    1871.9851074    2531.6157227  
 220.0      3437.8325195    1868.4468994    2531.6157227  
 240.0      3433.9934082    1864.9088135    2531.6157227  
 260.0      3430.1540527    1861.3706055    2531.6157227  
 280.0      3426.3146973    1857.8325195    2531.6157227  
 300.0      3422.4753418    1854.2943115    2531.6157227  
 320.0      3418.6362305    1850.7562256    2531.6157227  
 340.0      3414.7968750    1847.2180176    2531.6157227  
 360.0      3410.9575195    1843.6799316    2531.6157227  
 380.0      3407.1181641    1840.1417236    2531.6157227  
 400.0      3403.2788086    1836.6036377    2531.6157227  
 420.0      3399.4394531    1833.0654297    2531.6157227  
 440.0      3395.6000977    1829.5273438    2531.6157227  
 460.0      3391.7609863    1825.9891357    2531.6157227  
 480.0      3387.9216309    1822.4509277    2531.6157227  
 500.0      3384.0822754    1818.9128418    2531.6157227  
 520.0      3390.5327148    1823.6008301    2531.6157227  
 540.0      3396.9831543    1828.2889404    2531.6157227  
 560.0      3403.4335938    1832.9769287    2531.6157227  
 580.0      3409.8840332    1837.6650391    2531.6157227  
 600.0      3416.3344727    1842.3530273    2531.6157227  
 620.0      3422.7849121    1847.0411377    2531.6157227  
 640.0      3429.2353516    1851.7291260    2531.6157227  
 660.0      3435.6857910    1856.4172363    2531.6157227  
 680.0      3442.1362305    1861.1052246    2531.6157227  
 700.0      3448.5864258    1865.7932129    2531.6157227  
 720.0      3455.0371094    1870.4813232    2531.6157227  
 740.0      3461.4873047    1875.1693115    2531.6157227  
 760.0      3467.9377441    1879.8574219    2531.6157227  
 780.0      3474.3881836    1884.5454102    2531.6157227  
 800.0      3480.8386230    1889.2333984    2531.6157227  
 820.0      3487.2890625    1893.9215088    2531.6157227  
 840.0      3493.7395020    1898.6094971    2531.6157227  
 860.0      3500.1899414    1903.2976074    2531.6157227  
 880.0      3506.6403809    1907.9855957    2531.6157227  
 900.0      3513.0908203    1912.6737061    2531.6157227  
 920.0      3519.5412598    1917.3616943    2531.6157227  
 940.0      3525.9916992    1922.0498047    2531.6157227  
 960.0      3532.4421387    1926.7377930    2531.6157227  
 980.0      3538.8925781    1931.4257812    2531.6157227  
1000.0      3545.4265137    1936.1890869    2531.6289062  
1020.0      3560.5788574    1948.6652832    2532.7094727  
1040.0      3575.7312012    1961.1420898    2533.7900391  
1060.0      3590.8833008    1973.6185303    2534.8706055  
1080.0      3606.0356445    1986.0949707    2535.9511719  
1100.0      3621.1875000    1998.5712891    2537.0317383  
1120.0      3636.3398438    2011.0477295    2538.1125488  
1140.0      3651.4924316    2023.5244141    2539.1931152  
1160.0      3666.6447754    2036.0010986    2540.2736816  
1180.0      3681.7968750    2048.4775391    2541.3542480  
1200.0      3696.9492188    2060.9538574    2542.4348145  
1220.0      3712.1015625    2073.4301758    2543.5156250  
1240.0      3727.2534180    2085.9067383    2544.5961914  
1260.0      3742.4060059    2098.3833008    2545.6767578  
1280.0      3757.5583496    2110.8598633    2546.7573242  
1300.0      3772.7104492    2123.3361816    2547.8378906  
1320.0      3787.8627930    2135.8125000    2548.9184570  
1340.0      3803.0151367    2148.2893066    2549.9990234  
1360.0      3818.1674805    2160.7656250    2551.0798340  
1380.0      3833.3195801    2173.2419434    2552.1604004  
1400.0      3848.4719238    2185.7185059    2553.2409668  
1420.0      3863.6242676    2198.1950684    2554.3215332  
1440.0      3878.7763672    2210.6713867    2555.4020996  
1460.0      3893.9287109    2223.1479492    2556.4826660  
1480.0      3909.0810547    2235.6242676    2557.5634766  
1500.0      3924.2336426    2248.1010742    2558.6440430  
1520.0      3936.8002930    2257.7724609    2559.7246094  
1540.0      3949.3676758    2267.4440918    2560.8051758  
1560.0      3961.9345703    2277.1152344    2561.8857422  
1580.0      3974.5021973    2286.7868652    2562.9663086  
1600.0      3987.0686035    2296.4582520    2564.0468750  
1620.0      3999.6364746    2306.1296387    2565.1276855  
1640.0      4012.2031250    2315.8012695    2566.2082520  
1660.0      4024.7705078    2325.4726562    2567.2888184  
1680.0      4037.3378906    2335.1440430    2568.3693848  
1700.0      4049.9052734    2344.8159180    2569.4501953  
1720.0      4062.4719238    2354.4873047    2570.5305176  
1740.0      4075.0393066    2364.1586914    2571.6113281  
1760.0      4087.6059570    2373.8300781    2572.6918945  
1780.0      4100.1733398    2383.5017090    2573.7724609  
1800.0      4112.7407227    2393.1730957    2574.8530273  
1820.0      4125.3081055    2402.8444824    2575.9335938  
1840.0      4137.8750000    2412.5158691    2577.0141602  
1860.0      4150.4423828    2422.1875000    2578.0949707  
1880.0      4163.0092773    2431.8591309    2579.1755371  
1900.0      4175.5766602    2441.5305176    2580.2561035  
1920.0      4188.1435547    2451.2019043    2581.3366699  
1940.0      4200.7109375    2460.8735352    2582.4172363  
1960.0      4213.2783203    2470.5449219    2583.4980469  
1980.0      4225.8452148    2480.2165527    2584.5786133  
2000.0      4238.4121094    2489.8879395    2585.6591797  
2020.0      4251.9809570    2500.1542969    2586.7397461  
2040.0      4265.5478516    2510.4204102    2587.8203125  
2060.0      4279.1162109    2520.6865234    2588.9008789  
2080.0      4292.6840820    2530.9531250    2589.9814453  
2100.0      4306.2514648    2541.2192383    2591.0620117  
2120.0      4319.8203125    2551.4855957    2592.1428223  
2140.0      4333.3876953    2561.7519531    2593.2233887  
2160.0      4346.9560547    2572.0183105    2594.3039551  
2180.0      4360.5234375    2582.2844238    2595.3845215  
2200.0      4374.0913086    2592.5507812    2596.4650879  
2220.0      4387.6596680    2602.8171387    2597.5458984  
2240.0      4401.2275391    2613.0832520    2598.6264648  
2260.0      4414.7954102    2623.3496094    2599.7070312  
2280.0      4428.3637695    2633.6157227    2600.7875977  
2300.0      4441.9306641    2643.8823242    2601.8681641  
2320.0      4455.4990234    2654.1486816    2602.9487305  
2340.0      4469.0668945    2664.4145508    2604.0292969  
2360.0      4482.6347656    2674.6811523    2605.1101074  
2380.0      4496.2031250    2684.9470215    2606.1906738  
2400.0      4509.7709961    2695.2136230    2607.2712402  
2420.0      4523.3388672    2705.4799805    2608.3518066  
2440.0      4536.9067383    2715.7460938    2609.4323730  
2460.0      4550.4741211    2726.0124512    2610.5129395  
2480.0      4564.0424805    2736.2785645    2611.5937500  
2500.0      4577.6103516    2746.5449219    2612.6743164  
2520.0      4583.8457031    2750.8791504    2613.7548828  
2540.0      4590.0810547    2755.2133789    2614.8354492  
2560.0      4596.3159180    2759.5473633    2615.9160156  
2580.0      4602.5507812    2763.8815918    2616.9965820  
2600.0      4608.7861328    2768.2158203    2618.0771484  
2620.0      4615.0214844    2772.5498047    2619.1579590  
2640.0      4621.2568359    2776.8840332    2620.2385254  
2660.0      4627.4921875    2781.2182617    2621.3190918  
2680.0      4633.7275391    2785.5522461    2622.3999023  
2700.0      4639.9624023    2789.8864746    2623.4802246  
2720.0      4646.1977539    2794.2204590    2624.5610352  
2740.0      4652.4326172    2798.5546875    2625.6416016  
2760.0      4658.6679688    2802.8889160    2626.7221680  
2780.0      4664.9033203    2807.2229004    2627.8027344  
2800.0      4671.1381836    2811.5571289    2628.8833008  
2820.0      4677.3740234    2815.8911133    2629.9638672  
2840.0      4683.6083984    2820.2253418    2631.0444336  
2860.0      4689.8442383    2824.5595703    2632.1252441  
2880.0      4696.0791016    2828.8935547    2633.2058105  
2900.0      4702.3144531    2833.2277832    2634.2863770  
2920.0      4708.5498047    2837.5620117    2635.3669434  
2940.0      4714.7846680    2841.8957520    2636.4475098  
2960.0      4721.0200195    2846.2302246    2637.5280762  
2980.0      4727.2548828    2850.5644531    2638.6088867  
3000.0      4733.4897461    2854.8981934    2639.6894531  
3020.0      4739.5136719    2858.3395996    2640.7700195  
3040.0      4745.5371094    2861.7807617    2641.8505859  
3060.0      4751.5610352    2865.2219238    2642.9311523  
3080.0      4757.5844727    2868.6633301    2644.0117188  
3100.0      4763.6079102    2872.1044922    2645.0922852  
3120.0      4769.6313477    2875.5456543    2646.1730957  
3140.0      4775.6542969    2878.9870605    2647.2536621  
3160.0      4781.6782227    2882.4279785    2648.3342285  
3180.0      4787.7016602    2885.8691406    2649.4147949  
3200.0      4793.7250977    2889.3103027    2650.4953613  
3220.0      4799.7485352    2892.7514648    2651.5761719  
3240.0      4805.7724609    2896.1928711    2652.6567383  
3260.0      4811.7958984    2899.6340332    2653.7373047  
3280.0      4817.8193359    2903.0754395    2654.8178711  
3300.0      4823.8427734    2906.5166016    2655.8984375  
3320.0      4829.8662109    2909.9575195    2656.9790039  
3340.0      4835.8901367    2913.3986816    2658.0595703  
3360.0      4841.9130859    2916.8400879    2659.1401367  
3380.0      4847.9370117    2920.2812500    2660.2209473  
3400.0      4853.9599609    2923.7224121    2661.3015137  
3420.0      4859.9833984    2927.1635742    2662.3820801  
3440.0      4866.0073242    2930.6047363    2663.4626465  
3460.0      4872.0307617    2934.0461426    2664.5434570  
3480.0      4878.0546875    2937.4873047    2665.6240234  
3500.0      4884.0776367    2940.9282227    2666.7045898  
3520.0      4892.6723633    2946.0739746    2667.7851562  
3540.0      4901.2666016    2951.2189941    2668.8657227  
3560.0      4909.8613281    2956.3645020    2669.9462891  
3580.0      4918.4555664    2961.5100098    2671.0268555  
3600.0      4927.0502930    2966.6552734    2672.1076660  
3620.0      4935.6445312    2971.8007812    2673.1879883  
3640.0      4944.2392578    2976.9460449    2674.2687988  
3660.0      4952.8330078    2982.0915527    2675.3493652  
3680.0      4961.4282227    2987.2368164    2676.4299316  
3700.0      4970.0224609    2992.3823242    2677.5104980  
3720.0      4978.6171875    2997.5278320    2678.5913086  
3740.0      4987.2119141    3002.6728516    2679.6718750  
3760.0      4995.8056641    3007.8186035    2680.7524414  
3780.0      5004.4003906    3012.9641113    2681.8330078  
3800.0      5012.9951172    3018.1093750    2682.9135742  
3820.0      5021.5893555    3023.2546387    2683.9941406  
3840.0      5030.1835938    3028.3999023    2685.0747070  
3860.0      5038.7783203    3033.5454102    2686.1555176  
3880.0      5047.3730469    3038.6911621    2687.2360840  
3900.0      5055.9672852    3043.8361816    2688.3166504  
3920.0      5064.5620117    3048.9814453    2689.3972168  
3940.0      5073.1557617    3054.1269531    2690.4777832  
3960.0      5081.7509766    3059.2722168    2691.5585938  
3980.0      5090.3452148    3064.4179688    2692.6391602  
4000.0      5098.9394531    3069.5629883    2693.7197266  
4020.0      5108.7949219    3075.5537109    2694.8002930  
4040.0      5118.6508789    3081.5441895    2695.8808594  
4060.0      5128.5063477    3087.5349121    2696.9614258  
4080.0      5138.3623047    3093.5256348    2698.0419922  
4100.0      5148.2172852    3099.5158691    2699.1225586  
4120.0      5158.0727539    3105.5065918    2700.2033691  
4140.0      5167.9287109    3111.4970703    2701.2839355  
4160.0      5177.7841797    3117.4875488    2702.3645020  
4180.0      5187.6401367    3123.4785156    2703.4453125  
4200.0      5197.4951172    3129.4689941    2704.5256348  
4220.0      5207.3505859    3135.4594727    2705.6062012  
4240.0      5217.2060547    3141.4501953    2706.6870117  
4260.0      5227.0615234    3147.4406738    2707.7675781  
4280.0      5236.9174805    3153.4313965    2708.8481445  
4300.0      5246.7729492    3159.4216309    2709.9287109  
4320.0      5256.6284180    3165.4125977    2711.0092773  
4340.0      5266.4838867    3171.4030762    2712.0898438  
4360.0      5276.3393555    3177.3937988    2713.1704102  
4380.0      5286.1953125    3183.3842773    2714.2512207  
4400.0      5296.0507812    3189.3747559    2715.3317871  
4420.0      5305.9062500    3195.3652344    2716.4123535  
4440.0      5315.7617188    3201.3557129    2717.4929199  
4460.0      5325.6166992    3207.3466797    2718.5734863  
4480.0      5335.4731445    3213.3374023    2719.6542969  
4500.0      5345.3281250    3219.3276367    2720.7348633  
4520.0      5357.5244141    3228.0688477    2721.8154297  
4540.0      5369.7202148    3236.8105469    2722.8959961  
4560.0      5381.9165039    3245.5517578    2723.9765625  
4580.0      5394.1118164    3254.2934570    2725.0571289  
4600.0      5406.3081055    3263.0346680    2726.1376953  
4620.0      5418.5043945    3271.7761230    2727.2185059  
4640.0      5430.6997070    3280.5173340    2728.2990723  
4660.0      5442.8959961    3289.2587891    2729.3796387  
4680.0      5455.0917969    3298.0004883    2730.4602051  
4700.0      5467.2880859    3306.7416992    2731.5410156  
4720.0      5479.4833984    3315.4831543    2732.6215820  
4740.0      5491.6796875    3324.2243652    2733.7021484  
4760.0      5503.8759766    3332.9658203    2734.7827148  
4780.0      5516.0717773    3341.7072754    2735.8632812  
4800.0      5528.2675781    3350.4487305    2736.9438477  
4820.0      5540.4633789    3359.1901855    2738.0244141  
4840.0      5552.6591797    3367.9316406    2739.1049805  
4860.0      5564.8549805    3376.6728516    2740.1855469  
4880.0      5577.0512695    3385.4145508    2741.2663574  
4900.0      5589.2475586    3394.1557617    2742.3469238  
4920.0      5601.4428711    3402.8972168    2743.4274902  
4940.0      5613.6391602    3411.6384277    2744.5080566  
4960.0      5625.8344727    3420.3801270    2745.5886230  
4980.0      5638.0312500    3429.1213379    2746.6694336  
5000.0      5650.2270508    3437.8627930    2747.7500000  
