# CI_CRN -117.56102607 33.87566039
# 
# Depth (m)   Vp (m/s)        Vs(m/s)      Density(kg/m3)
   0.0       348.4389954     207.2539978    1920.0185547  
  20.0      1387.3299561     487.6560059    2084.0593262  
  40.0      1708.3199463     640.0479736    2134.7436523  
  60.0      1708.7003174     755.8670044    2134.8037109  
  80.0      1871.4367676     853.3980103    2160.5000000  
 100.0      1722.2303467     773.2236938    2136.9401855  
 120.0      1768.8439941     800.4039917    2144.3005371  
 140.0      1839.1066895     841.8057251    2155.3950195  
 160.0      1932.8181152     897.8078613    2170.1918945  
 180.0      2047.7866211     967.6871948    2188.3454590  
 200.0      2337.6638184    1062.8171387    2230.2241211  
 220.0      2347.6789551    1055.5148926    2234.4621582  
 240.0      2356.7536621    1048.2126465    2238.3901367  
 260.0      2365.0278320    1040.9105225    2242.0541992  
 280.0      2372.6110840    1033.6082764    2245.4902344  
 300.0      2379.5915527    1026.3061523    2248.7275391  
 320.0      2386.0412598    1076.8955078    2251.7897949  
 340.0      2392.0190430    1075.0786133    2254.6962891  
 360.0      2397.5744629    1073.0147705    2257.4641113  
 380.0      2402.7502441    1070.7276611    2260.1062012  
 400.0      2407.5820312    1068.2377930    2262.6350098  
 420.0      2412.1005859    1065.5632324    2265.0605469  
 440.0      2416.3330078    1062.7189941    2267.3916016  
 460.0      2420.3022461    1059.7187500    2269.6359863  
 480.0      2424.0292969    1056.5745850    2271.8005371  
 500.0      2427.5322266    1053.2963867    2273.8908691  
 520.0      2439.5034180    1060.0202637    2275.9128418  
 540.0      2451.2810059    1066.6281738    2277.8713379  
 560.0      2462.8781738    1073.1279297    2279.7700195  
 580.0      2474.3063965    1079.5260010    2281.6130371  
 600.0      2485.5761719    1085.8286133    2283.4038086  
 620.0      2496.6972656    1092.0417480    2285.1457520  
 640.0      2507.6779785    1098.1700439    2286.8410645  
 660.0      2518.5266113    1104.2182617    2288.4931641  
 680.0      2529.2504883    1110.1909180    2290.1037598  
 700.0      2539.8559570    1116.0914307    2291.6755371  
 720.0      2550.3491211    1121.9243164    2293.2104492  
 740.0      2560.7358398    1127.6917725    2294.7097168  
 760.0      2571.0214844    1133.3974609    2296.1757812  
 780.0      2581.2104492    1139.0445557    2297.6103516  
 800.0      2591.3073730    1144.6352539    2299.0144043  
 820.0      2601.3164062    1150.1721191    2300.5065918  
 840.0      2611.2421875    1155.6578369    2302.2592773  
 860.0      2621.0869141    1161.0938721    2303.9772949  
 880.0      2630.8552246    1166.4829102    2305.6625977  
 900.0      2640.5495605    1171.8265381    2307.3161621  
 920.0      2650.1733398    1177.1267090    2308.9394531  
 940.0      2659.7290039    1182.3847656    2310.5334473  
 960.0      2669.2192383    1187.6025391    2312.0996094  
 980.0      2678.6469727    1192.7813721    2313.6386719  
1000.0      2688.0139160    1197.9229736    2315.1518555  
1020.0      2696.4301758    1204.8416748    2316.6401367  
1040.0      2704.7897949    1211.7277832    2318.1040039  
1060.0      2713.0957031    1222.5614014    2319.5449219  
1080.0      2721.3491211    1233.3038330    2320.9631348  
1100.0      2729.5515137    1243.9581299    2322.3596191  
1120.0      2737.7050781    1254.5268555    2323.7351074  
1140.0      2745.8112793    1265.0131836    2325.0903320  
1160.0      2753.8715820    1275.4195557    2326.4260254  
1180.0      2761.8876953    1285.7482910    2327.7424316  
1200.0      2769.8608398    1296.0017090    2329.0405273  
1220.0      2777.7917480    1306.1815186    2330.3205566  
1240.0      2785.6826172    1316.2913818    2331.5834961  
1260.0      2793.5336914    1326.3315430    2332.8293457  
1280.0      2801.3471680    1336.3050537    2334.0588379  
1300.0      2809.1235352    1346.2133789    2335.2724609  
1320.0      2816.8635254    1356.0583496    2336.4707031  
1340.0      2824.5681152    1365.8414307    2337.6538086  
1360.0      2832.7290039    1375.5648193    2338.8222656  
1380.0      2844.9855957    1385.2294922    2339.9765625  
1400.0      2857.1545410    1394.8376465    2341.1171875  
1420.0      2869.2382812    1404.3901367    2342.2441406  
1440.0      2881.2385254    1413.8880615    2343.3576660  
1460.0      2893.1577148    1423.3337402    2344.4587402  
1480.0      2904.9973145    1432.7275391    2345.5471191  
1500.0      2916.7602539    1442.0714111    2346.6235352  
1520.0      2926.7949219    1450.6072998    2347.6877441  
1540.0      2936.7570801    1459.0959473    2348.7404785  
1560.0      2946.6474609    1467.5375977    2349.7819824  
1580.0      2956.4670410    1475.9334717    2350.8125000  
1600.0      2966.2185059    1484.2843018    2351.8317871  
1620.0      2975.9030762    1492.5917969    2352.8408203  
1640.0      2985.5222168    1500.8564453    2353.8395996  
1660.0      2995.0776367    1509.0792236    2354.8281250  
1680.0      3004.5700684    1517.2608643    2355.8068848  
1700.0      3014.0017090    1525.4025879    2356.7758789  
1720.0      3023.3732910    1533.5048828    2357.7353516  
1740.0      3032.6862793    1541.5688477    2358.6857910  
1760.0      3041.9418945    1549.5948486    2359.6269531  
1780.0      3051.1413574    1557.5843506    2360.5593262  
1800.0      3060.2858887    1565.5375977    2361.4831543  
1820.0      3069.3762207    1573.4549561    2362.3981934  
1840.0      3078.4138184    1581.3381348    2363.3051758  
1860.0      3087.3999023    1589.1872559    2364.2038574  
1880.0      3096.3347168    1597.0020752    2365.0944824  
1900.0      3105.2204590    1604.7851562    2365.9772949  
1920.0      3114.0566406    1612.5352783    2366.8522949  
1940.0      3122.8454590    1620.2540283    2367.7197266  
1960.0      3131.5869141    1627.9416504    2368.5798340  
1980.0      3140.2822266    1635.5989990    2369.4326172  
2000.0      3148.9321289    1643.2261963    2370.2783203  
2020.0      3157.2587891    1650.8361816    2371.1169434  
2040.0      3165.5410156    1658.4173584    2371.9487305  
2060.0      3173.7805176    1665.9699707    2372.7736816  
2080.0      3181.9780273    1673.4946289    2373.5920410  
2100.0      5489.4321289    3043.8813477    2737.4631348  
2120.0      5494.1406250    3048.4035645    2737.7304688  
2140.0      5498.8486328    3052.9257812    2737.9978027  
2160.0      5503.5571289    3057.4477539    2738.2651367  
2180.0      5508.2641602    3061.9697266    2738.5324707  
2200.0      5512.9731445    3066.4919434    2738.7998047  
2220.0      5517.6806641    3071.0139160    2739.0671387  
2240.0      5522.3891602    3075.5358887    2739.3344727  
2260.0      5527.0966797    3080.0578613    2739.6018066  
2280.0      5531.8056641    3084.5800781    2739.8693848  
2300.0      5536.5131836    3089.1020508    2740.1367188  
2320.0      5541.2211914    3093.6242676    2740.4038086  
2340.0      5545.9291992    3098.1462402    2740.6713867  
2360.0      5550.6372070    3102.6682129    2740.9387207  
2380.0      5555.3452148    3107.1904297    2741.2060547  
2400.0      5560.0532227    3111.7124023    2741.4733887  
2420.0      5564.7612305    3116.2343750    2741.7407227  
2440.0      5569.4692383    3120.7565918    2742.0080566  
2460.0      5574.1777344    3125.2788086    2742.2753906  
2480.0      5578.8857422    3129.8005371    2742.5429688  
2500.0      5583.5942383    3134.3227539    2742.8103027  
2520.0      5582.7475586    3133.7438965    2743.0776367  
2540.0      5581.9013672    3133.1647949    2743.3449707  
2560.0      5581.0546875    3132.5856934    2743.6123047  
2580.0      5580.2084961    3132.0063477    2743.8796387  
2600.0      5579.3623047    3131.4272461    2744.1469727  
2620.0      5578.5151367    3130.8481445    2744.4140625  
2640.0      5577.6689453    3130.2692871    2744.6816406  
2660.0      5576.8227539    3129.6901855    2744.9489746  
2680.0      5575.9765625    3129.1110840    2745.2163086  
2700.0      5575.1303711    3128.5322266    2745.4838867  
2720.0      5574.2836914    3127.9531250    2745.7509766  
2740.0      5573.4375000    3127.3742676    2746.0185547  
2760.0      5572.5908203    3126.7951660    2746.2856445  
2780.0      5571.7446289    3126.2158203    2746.5532227  
2800.0      5570.8979492    3125.6369629    2746.8203125  
2820.0      5570.0522461    3125.0576172    2747.0878906  
2840.0      5569.2055664    3124.4785156    2747.3552246  
2860.0      5568.3593750    3123.8996582    2747.6225586  
2880.0      5567.5126953    3123.3205566    2747.8898926  
2900.0      5566.6665039    3122.7416992    2748.1572266  
2920.0      5565.8203125    3122.1623535    2748.4245605  
2940.0      5564.9746094    3121.5832520    2748.6918945  
2960.0      5564.1269531    3121.0041504    2748.9592285  
2980.0      5563.2812500    3120.4250488    2749.2265625  
3000.0      5562.4350586    3119.8461914    2749.4941406  
3020.0      5560.0219727    3120.8532715    2749.7612305  
3040.0      5557.6093750    3121.8605957    2750.0288086  
3060.0      5555.1962891    3122.8679199    2750.2961426  
3080.0      5552.7832031    3123.8750000    2750.5634766  
3100.0      5550.3706055    3124.8823242    2750.8308105  
3120.0      5547.9580078    3125.8896484    2751.0981445  
3140.0      5545.5454102    3126.8967285    2751.3654785  
3160.0      5543.1323242    3127.9040527    2751.6328125  
3180.0      5540.7197266    3128.9111328    2751.9001465  
3200.0      5538.3066406    3129.9184570    2752.1674805  
3220.0      5535.8940430    3130.9257812    2752.4348145  
3240.0      5533.4814453    3131.9328613    2752.7021484  
3260.0      5531.0678711    3132.9399414    2752.9694824  
3280.0      5528.6552734    3133.9472656    2753.2368164  
3300.0      5526.2421875    3134.9545898    2753.5043945  
3320.0      5523.8295898    3135.9619141    2753.7717285  
3340.0      5521.4169922    3136.9692383    2754.0390625  
3360.0      5519.0043945    3137.9763184    2754.3063965  
3380.0      5516.5917969    3138.9836426    2754.5737305  
3400.0      5514.1782227    3139.9907227    2754.8410645  
3420.0      5511.7656250    3140.9980469    2755.1083984  
3440.0      5509.3530273    3142.0051270    2755.3757324  
3460.0      5506.9404297    3143.0124512    2755.6430664  
3480.0      5504.5273438    3144.0197754    2755.9106445  
3500.0      5502.1142578    3145.0266113    2756.1777344  
3520.0      5509.9365234    3151.0815430    2756.4453125  
3540.0      5517.7578125    3157.1364746    2756.7124023  
3560.0      5525.5800781    3163.1911621    2756.9799805  
3580.0      5533.4018555    3169.2460938    2757.2473145  
3600.0      5541.2231445    3175.3010254    2757.5146484  
3620.0      5549.0454102    3181.3557129    2757.7819824  
3640.0      5556.8666992    3187.4104004    2758.0493164  
3660.0      5564.6889648    3193.4653320    2758.3166504  
3680.0      5572.5107422    3199.5197754    2758.5839844  
3700.0      5580.3320312    3205.5747070    2758.8513184  
3720.0      5588.1542969    3211.6293945    2759.1186523  
3740.0      5595.9760742    3217.6843262    2759.3862305  
3760.0      5603.7978516    3223.7390137    2759.6533203  
3780.0      5611.6196289    3229.7939453    2759.9208984  
3800.0      5619.4418945    3235.8486328    2760.1882324  
3820.0      5627.2636719    3241.9035645    2760.4555664  
3840.0      5635.0854492    3247.9582520    2760.7229004  
3860.0      5642.9072266    3254.0131836    2760.9902344  
3880.0      5650.7285156    3260.0678711    2761.2575684  
3900.0      5658.5507812    3266.1228027    2761.5249023  
3920.0      5666.3725586    3272.1772461    2761.7922363  
3940.0      5674.1943359    3278.2324219    2762.0595703  
3960.0      5682.0156250    3284.2871094    2762.3269043  
3980.0      5689.8374023    3290.3420410    2762.5942383  
4000.0      5697.6596680    3296.3964844    2762.8618164  
4020.0      5703.9204102    3301.5537109    2763.1291504  
4040.0      5710.1811523    3306.7104492    2763.3964844  
4060.0      5716.4418945    3311.8674316    2763.6638184  
4080.0      5722.7026367    3317.0241699    2763.9311523  
4100.0      5728.9628906    3322.1811523    2764.1984863  
4120.0      5735.2241211    3327.3381348    2764.4658203  
4140.0      5741.4848633    3332.4951172    2764.7331543  
4160.0      5747.7456055    3337.6518555    2765.0004883  
4180.0      5754.0053711    3342.8088379    2765.2678223  
4200.0      5760.2666016    3347.9655762    2765.5351562  
4220.0      5766.5273438    3353.1225586    2765.8024902  
4240.0      5772.7880859    3358.2795410    2766.0698242  
4260.0      5779.0488281    3363.4365234    2766.3374023  
4280.0      5785.3095703    3368.5932617    2766.6044922  
4300.0      5791.5703125    3373.7502441    2766.8720703  
4320.0      5797.8310547    3378.9069824    2767.1394043  
4340.0      5804.0917969    3384.0639648    2767.4067383  
4360.0      5810.3525391    3389.2207031    2767.6740723  
4380.0      5816.6132812    3394.3779297    2767.9414062  
4400.0      5822.8735352    3399.5346680    2768.2087402  
4420.0      5829.1342773    3404.6916504    2768.4760742  
4440.0      5835.3955078    3409.8483887    2768.7434082  
4460.0      5841.6557617    3415.0053711    2769.0107422  
4480.0      5847.9169922    3420.1623535    2769.2783203  
4500.0      5854.1772461    3425.3193359    2769.5454102  
4520.0      5860.6064453    3430.5827637    2769.8129883  
4540.0      5867.0346680    3435.8464355    2770.0800781  
4560.0      5873.4633789    3441.1101074    2770.3476562  
4580.0      5879.8920898    3446.3740234    2770.6149902  
4600.0      5886.3203125    3451.6372070    2770.8823242  
4620.0      5892.7490234    3456.9011230    2771.1496582  
4640.0      5899.1782227    3462.1647949    2771.4169922  
4660.0      5905.6069336    3467.4287109    2771.6845703  
4680.0      5912.0351562    3472.6921387    2771.9516602  
4700.0      5918.4633789    3477.9555664    2772.2189941  
4720.0      5924.8920898    3483.2194824    2772.4863281  
4740.0      5931.3203125    3488.4829102    2772.7536621  
4760.0      5937.7495117    3493.7465820    2773.0209961  
4780.0      5944.1782227    3499.0102539    2773.2885742  
4800.0      5950.6069336    3504.2739258    2773.5559082  
4820.0      5957.0351562    3509.5375977    2773.8232422  
4840.0      5963.4638672    3514.8012695    2774.0905762  
4860.0      5969.8920898    3520.0649414    2774.3579102  
4880.0      5976.3212891    3525.3286133    2774.6252441  
4900.0      5982.7495117    3530.5922852    2774.8925781  
4920.0      5989.1787109    3535.8557129    2775.1599121  
4940.0      5995.6074219    3541.1193848    2775.4272461  
4960.0      6002.0356445    3546.3830566    2775.6948242  
4980.0      6008.4638672    3551.6464844    2775.9619141  
5000.0      6014.8930664    3556.9104004    2776.2294922  
