# CI_Q0048 -117.80302917 33.77197504
# 
# Depth (m)   Vp (m/s)        Vs(m/s)      Density(kg/m3)
   0.0       404.7470093     160.4799957    1928.9095459  
  20.0      1163.5000000     377.9299927    2048.7165527  
  40.0      1299.9000244     416.6700134    2070.2541504  
  60.0      1319.7485352     482.2000122    2073.3881836  
  80.0      1349.3258057     526.3900146    2078.0585938  
 100.0      1419.5664062     559.8800049    2089.1494141  
 120.0      1539.2237549     584.2700195    2108.0434570  
 140.0      1712.0640869     602.5700073    2135.3349609  
 160.0      1937.3616943     602.5700073    2170.9094238  
 180.0      2210.3789062     623.8900146    2214.0187988  
 200.0      2522.8571777     651.3200073    2263.3591309  
 220.0      2604.1770020     651.3200073    2276.1994629  
 240.0      2680.7062988     681.7999878    2288.2834473  
 260.0      2753.0991211     681.7999878    2299.7143555  
 280.0      2821.8723145     681.7999878    2310.5737305  
 300.0      2887.4477539     681.7999878    2320.9279785  
 320.0      2260.9177246    1313.2812500    2330.8322754  
 340.0      2284.5976562    1351.5800781    2340.3325195  
 360.0      2319.0729980    1375.8101807    2346.5659180  
 380.0      2343.5732422    1393.2282715    2351.2241211  
 400.0      2366.9150391    1409.8970947    2355.6994629  
 420.0      2389.2011719    1425.8813477    2360.0083008  
 440.0      2410.5258789    1441.2409668    2364.1650391  
 460.0      2430.9650879    1456.0244141    2368.1821289  
 480.0      2450.5886230    1470.2758789    2372.0705566  
 500.0      2469.4587402    1484.0346680    2375.8398438  
 520.0      2500.0290527    1505.4713135    2379.4985352  
 540.0      2529.9487305    1526.4814453    2383.0546875  
 560.0      2559.2602539    1547.0920410    2386.5146484  
 580.0      2588.0061035    1567.3308105    2389.8854980  
 600.0      2616.2187500    1587.2180176    2393.1721191  
 620.0      2643.9306641    1606.7751465    2396.3796387  
 640.0      2671.1721191    1626.0213623    2399.5126953  
 660.0      2697.9677734    1644.9729004    2402.5756836  
 680.0      2724.3444824    1663.6467285    2405.5722656  
 700.0      2750.3229980    1682.0565186    2408.5058594  
 720.0      2775.9248047    1700.2164307    2411.3803711  
 740.0      2801.1662598    1718.1368408    2414.1977539  
 760.0      2826.0712891    1735.8332520    2416.9619141  
 780.0      2850.6484375    1753.3111572    2419.6743164  
 800.0      2874.9167480    1770.5836182    2422.3381348  
 820.0      2898.8898926    1787.6589355    2424.9553223  
 840.0      2922.5808105    1804.5456543    2427.5278320  
 860.0      2946.0014648    1821.2519531    2430.0578613  
 880.0      2969.1628418    1837.7843018    2432.5468750  
 900.0      2992.0759277    1854.1505127    2434.9965820  
 920.0      3014.7514648    1870.3574219    2437.4086914  
 940.0      3037.1975098    1886.4104004    2439.7846680  
 960.0      3059.4230957    1902.3151855    2442.1259766  
 980.0      3081.4370117    1918.0781250    2444.4338379  
1000.0      3103.2470703    1933.7034912    2446.7094727  
1020.0      3127.0678711    1951.1258545    2448.9541016  
1040.0      3150.6953125    1968.4176025    2451.1682129  
1060.0      3174.1418457    1985.5881348    2453.3540039  
1080.0      3197.4111328    2002.6381836    2455.5114746  
1100.0      3220.5085449    2019.5727539    2457.6420898  
1120.0      3243.4411621    2036.3959961    2459.7465820  
1140.0      3266.2136230    2053.1108398    2461.8256836  
1160.0      3288.8320312    2069.7216797    2463.8806152  
1180.0      3311.2973633    2086.2287598    2465.9113770  
1200.0      3333.6166992    2102.6364746    2467.9189453  
1220.0      3355.7978516    2118.9511719    2469.9047852  
1240.0      3377.8400879    2135.1716309    2471.8686523  
1260.0      3399.7487793    2151.3015137    2473.8115234  
1280.0      3421.5280762    2167.3430176    2475.7338867  
1300.0      3443.1813965    2183.2993164    2477.6362305  
1320.0      3464.7109375    2199.1718750    2479.5192871  
1340.0      3486.1242676    2214.9648438    2481.3837891  
1360.0      3507.4199219    2230.6779785    2483.2299805  
1380.0      3528.6030273    2246.3144531    2485.0581055  
1400.0      3549.6760254    2261.8757324    2486.8688965  
1420.0      3570.6416016    2277.3640137    2488.6628418  
1440.0      3591.5021973    2292.7810059    2490.4401855  
1460.0      3612.2619629    2308.1289062    2492.2016602  
1480.0      3632.9218750    2323.4084473    2493.9472656  
1500.0      3653.4841309    2338.6215820    2495.6772461  
1520.0      3669.1809082    2349.6987305    2497.3925781  
1540.0      3684.7851562    2360.7124023    2499.0932617  
1560.0      3700.2995605    2370.8400879    2500.7797852  
1580.0      3715.7253418    2379.9616699    2502.4521484  
1600.0      3731.0642090    2389.0327148    2504.1110840  
1620.0      3746.3186035    2398.0554199    2505.7563477  
1640.0      3761.4914551    2407.0310059    2507.3889160  
1660.0      3776.5830078    2415.9597168    2509.0087891  
1680.0      3791.5947266    2424.8420410    2510.6157227  
1700.0      3806.5295410    2433.6801758    2512.2106934  
1720.0      3821.3881836    2442.4741211    2513.7937012  
1740.0      3836.1730957    2451.2258301    2515.3649902  
1760.0      3850.8842773    2459.9345703    2516.9245605  
1780.0      3865.5251465    2468.6030273    2518.4731445  
1800.0      3880.0957031    2477.2307129    2520.0107422  
1820.0      3894.5979004    2485.8190918    2521.5373535  
1840.0      3909.0322266    2494.3681641    2523.0532227  
1860.0      3923.4011230    2502.8793945    2524.5588379  
1880.0      3937.7045898    2511.3532715    2526.0541992  
1900.0      3951.9455566    2519.7905273    2527.5395508  
1920.0      3966.1245117    2528.1923828    2529.0151367  
1940.0      3980.2404785    2536.5576172    2530.4807129  
1960.0      3994.2988281    2544.8894043    2531.9372559  
1980.0      4008.2941895    2553.1853027    2533.3837891  
2000.0      4022.2358398    2561.4499512    2534.8220215  
2020.0      4036.5388184    2570.0727539    2536.2507324  
2040.0      4050.7871094    2578.6643066    2537.6708984  
2060.0      4064.9802246    2587.2236328    2539.0820312  
2080.0      4079.1186523    2595.7517090    2540.4848633  
2100.0      4093.2048340    2604.2495117    2541.8791504  
2120.0      4107.2377930    2612.7165527    2543.2651367  
2140.0      4121.2202148    2621.1542969    2544.6433105  
2160.0      4135.1518555    2629.5627441    2546.0131836  
2180.0      4149.0336914    2637.9426270    2547.3754883  
2200.0      4162.8657227    2646.2934570    2548.7297363  
2220.0      4176.6499023    2654.6171875    2550.0764160  
2240.0      4190.3872070    2662.9133301    2551.4157715  
2260.0      4204.0766602    2671.1821289    2552.7475586  
2280.0      4217.7211914    2679.4248047    2554.0722656  
2300.0      4231.3198242    2687.6411133    2555.3896484  
2320.0      4244.8740234    2695.8315430    2556.7001953  
2340.0      4258.3837891    2703.9965820    2558.0034180  
2360.0      4271.8500977    2712.1364746    2559.3000488  
2380.0      4285.2739258    2720.2519531    2560.5898438  
2400.0      4491.6699219    2689.1599121    2592.3500977  
2420.0      4502.5439453    2697.7958984    2593.2373047  
2440.0      4513.4184570    2706.4321289    2594.1245117  
2460.0      4524.2919922    2715.0678711    2595.0117188  
2480.0      4535.1660156    2723.7036133    2595.8989258  
2500.0      4546.0400391    2732.3395996    2596.7861328  
2520.0      4550.2011719    2735.5419922    2597.6733398  
2540.0      4554.3623047    2738.7441406    2598.5607910  
2560.0      4558.5224609    2741.9465332    2599.4477539  
2580.0      4562.6831055    2745.1486816    2600.3349609  
2600.0      4566.8442383    2748.3508301    2601.2224121  
2620.0      4571.0053711    2751.5529785    2602.1096191  
2640.0      4575.1660156    2754.7551270    2602.9968262  
2660.0      4579.3266602    2757.9572754    2603.8840332  
2680.0      4583.4873047    2761.1594238    2604.7712402  
2700.0      4587.6484375    2764.3615723    2605.6584473  
2720.0      4591.8095703    2767.5637207    2606.5458984  
2740.0      4595.9702148    2770.7658691    2607.4328613  
2760.0      4600.1308594    2773.9680176    2608.3200684  
2780.0      4604.2915039    2777.1701660    2609.2075195  
2800.0      4608.4526367    2780.3723145    2610.0947266  
2820.0      4612.6137695    2783.5747070    2610.9819336  
2840.0      4616.7744141    2786.7770996    2611.8691406  
2860.0      4620.9355469    2789.9794922    2612.7563477  
2880.0      4625.0961914    2793.1816406    2613.6435547  
2900.0      4629.2568359    2796.3837891    2614.5307617  
2920.0      4633.4179688    2799.5859375    2615.4179688  
2940.0      4637.5786133    2802.7880859    2616.3051758  
2960.0      4641.7392578    2805.9899902    2617.1923828  
2980.0      4645.9003906    2809.1923828    2618.0795898  
3000.0      4650.0610352    2812.3945312    2618.9670410  
3020.0      4655.0278320    2814.9096680    2619.8542480  
3040.0      4659.9946289    2817.4248047    2620.7412109  
3060.0      4664.9614258    2819.9399414    2621.6286621  
3080.0      4669.9287109    2822.4553223    2622.5158691  
3100.0      4674.8955078    2824.9704590    2623.4030762  
3120.0      4679.8627930    2827.4855957    2624.2905273  
3140.0      4684.8286133    2830.0007324    2625.1774902  
3160.0      4689.7958984    2832.5158691    2626.0646973  
3180.0      4694.7626953    2835.0310059    2626.9521484  
3200.0      4699.7299805    2837.5463867    2627.8393555  
3220.0      4704.6962891    2840.0615234    2628.7265625  
3240.0      4709.6635742    2842.5769043    2629.6137695  
3260.0      4714.6298828    2845.0920410    2630.5009766  
3280.0      4719.5971680    2847.6071777    2631.3881836  
3300.0      4724.5634766    2850.1223145    2632.2753906  
3320.0      4729.5307617    2852.6376953    2633.1625977  
3340.0      4734.4975586    2855.1525879    2634.0498047  
3360.0      4739.4643555    2857.6679688    2634.9370117  
3380.0      4744.4311523    2860.1831055    2635.8242188  
3400.0      4749.3984375    2862.6984863    2636.7116699  
3420.0      4754.3647461    2865.2136230    2637.5988770  
3440.0      4759.3315430    2867.7287598    2638.4858398  
3460.0      4764.2983398    2870.2438965    2639.3732910  
3480.0      4769.2656250    2872.7590332    2640.2604980  
3500.0      4774.2324219    2875.2741699    2641.1477051  
3520.0      4782.6069336    2879.6384277    2642.0349121  
3540.0      4790.9814453    2884.0026855    2642.9221191  
3560.0      4799.3564453    2888.3669434    2643.8093262  
3580.0      4807.7314453    2892.7314453    2644.6967773  
3600.0      4816.1054688    2897.0954590    2645.5839844  
3620.0      4824.4804688    2901.4599609    2646.4711914  
3640.0      4832.8549805    2905.8242188    2647.3583984  
3660.0      4841.2299805    2910.1882324    2648.2456055  
3680.0      4849.6044922    2914.5524902    2649.1328125  
3700.0      4857.9790039    2918.9167480    2650.0200195  
3720.0      4866.3535156    2923.2812500    2650.9072266  
3740.0      4874.7285156    2927.6452637    2651.7944336  
3760.0      4883.1030273    2932.0095215    2652.6816406  
3780.0      4891.4780273    2936.3740234    2653.5688477  
3800.0      4899.8525391    2940.7382812    2654.4560547  
3820.0      4908.2270508    2945.1025391    2655.3432617  
3840.0      4916.6020508    2949.4665527    2656.2304688  
3860.0      4924.9765625    2953.8308105    2657.1179199  
3880.0      4933.3510742    2958.1950684    2658.0051270  
3900.0      4941.7260742    2962.5593262    2658.8923340  
3920.0      4950.1010742    2966.9235840    2659.7795410  
3940.0      4958.4750977    2971.2880859    2660.6667480  
3960.0      4966.8500977    2975.6520996    2661.5539551  
3980.0      4975.2246094    2980.0163574    2662.4411621  
4000.0      4983.5996094    2984.3808594    2663.3286133  
4020.0      4993.5156250    2989.7773438    2664.2155762  
4040.0      5003.4326172    2995.1745605    2665.1030273  
4060.0      5013.3491211    3000.5708008    2665.9902344  
4080.0      5023.2656250    3005.9677734    2666.8774414  
4100.0      5033.1816406    3011.3647461    2667.7646484  
4120.0      5043.0981445    3016.7614746    2668.6518555  
4140.0      5053.0146484    3022.1584473    2669.5390625  
4160.0      5062.9311523    3027.5549316    2670.4262695  
4180.0      5072.8476562    3032.9519043    2671.3134766  
4200.0      5082.7641602    3038.3486328    2672.2006836  
4220.0      5092.6811523    3043.7456055    2673.0881348  
4240.0      5102.5971680    3049.1420898    2673.9750977  
4260.0      5112.5136719    3054.5388184    2674.8623047  
4280.0      5122.4301758    3059.9360352    2675.7497559  
4300.0      5132.3461914    3065.3327637    2676.6367188  
4320.0      5142.2631836    3070.7294922    2677.5241699  
4340.0      5152.1796875    3076.1262207    2678.4113770  
4360.0      5162.0961914    3081.5229492    2679.2985840  
4380.0      5172.0131836    3086.9199219    2680.1860352  
4400.0      5181.9287109    3092.3166504    2681.0729980  
4420.0      5191.8457031    3097.7136230    2681.9602051  
4440.0      5201.7622070    3103.1103516    2682.8476562  
4460.0      5211.6782227    3108.5070801    2683.7348633  
4480.0      5221.5952148    3113.9040527    2684.6220703  
4500.0      5231.5117188    3119.3007812    2685.5092773  
4520.0      5246.2084961    3128.6047363    2686.3964844  
4540.0      5260.9057617    3137.9094238    2687.2836914  
4560.0      5275.6025391    3147.2131348    2688.1708984  
4580.0      5290.2998047    3156.5173340    2689.0581055  
4600.0      5304.9965820    3165.8217773    2689.9453125  
4620.0      5319.6933594    3175.1257324    2690.8325195  
4640.0      5334.3906250    3184.4299316    2691.7197266  
4660.0      5349.0878906    3193.7341309    2692.6071777  
4680.0      5363.7846680    3203.0385742    2693.4943848  
4700.0      5378.4814453    3212.3427734    2694.3813477  
4720.0      5393.1787109    3221.6469727    2695.2687988  
4740.0      5407.8754883    3230.9509277    2696.1560059  
4760.0      5422.5727539    3240.2551270    2697.0432129  
4780.0      5437.2690430    3249.5595703    2697.9304199  
4800.0      5451.9663086    3258.8635254    2698.8176270  
4820.0      5466.6635742    3268.1679688    2699.7048340  
4840.0      5481.3608398    3277.4719238    2700.5922852  
4860.0      5496.0576172    3286.7761230    2701.4794922  
4880.0      5510.7548828    3296.0803223    2702.3666992  
4900.0      5525.4516602    3305.3842773    2703.2539062  
4920.0      5540.1489258    3314.6887207    2704.1411133  
4940.0      5554.8452148    3323.9929199    2705.0283203  
4960.0      5569.5424805    3333.2971191    2705.9155273  
4980.0      5584.2397461    3342.6013184    2706.8027344  
5000.0      5598.9365234    3351.9055176    2707.6899414  
