# Station list for La Habra
# From Fabio, 07/02/20
# Swap column 1 and 3 from la_habra_v20_07_1.stl
# StationId Lon Lat Vs30(m/s) HP_Freq(Hz) LP_Freq(Hz)
CE_12919 -116.97260 33.92990 333.00 0.1250 8.0000
CE_13066 -117.95680 33.84010 288.00 0.1250 8.0000
CE_13067 -117.80940 33.78610 367.00 0.1250 8.0000
CE_13068 -117.74210 33.86330 474.00 0.1250 8.0000
CE_13069 -117.84970 33.76760 318.00 0.1250 8.0000
CE_13079 -117.44300 33.91740 305.00 0.1250 8.0000
CE_13080 -117.25190 33.96770 420.00 0.1625 8.0000
CE_13096 -117.26640 33.69890 646.00 0.1625 8.0000
CE_13098 -117.51410 33.88420 383.00 0.1250 8.0000
CE_13099 -117.59260 33.87600 420.00 0.1250 8.0000
CE_13100 -117.63550 33.87560 341.00 0.1250 8.0000
CE_13123 -117.44530 33.95060 547.00 0.1625 8.0000
CE_13160 -117.90310 33.63360 355.00 0.1250 8.0000
CE_13162 -117.71780 33.99010 348.00 0.1250 8.0000
CE_13174 -117.88970 33.98930 377.00 0.1250 8.0000
CE_13197 -117.99740 33.66230 337.00 0.1250 8.0000
CE_13215 -117.90230 33.66260 380.00 0.1250 8.0000
CE_13220 -117.75270 33.67820 350.00 0.1250 8.0000
CE_13441 -117.77520 33.65980 279.00 0.1250 8.0000
CE_13726 -117.54040 33.85560 336.00 0.1250 8.0000
CE_13849 -117.81800 33.85350 385.00 0.1250 8.0000
CE_13873 -117.89630 33.93310 423.00 0.1250 8.0000
CE_13875 -117.83350 33.77740 335.00 0.1250 8.0000
CE_13877 -117.88960 33.60540 384.00 0.1250 8.0000
CE_13878 -117.88700 33.88910 398.00 0.1250 8.0000
CE_13879 -117.95910 33.86630 299.00 0.1250 8.0000
CE_13880 -117.93110 33.90860 324.00 0.1250 8.0000
CE_13881 -117.95570 33.93150 353.00 0.1250 8.0000
CE_13882 -117.80340 33.92740 412.00 0.1250 8.0000
CE_13883 -117.85780 33.85340 300.00 0.1250 8.0000
CE_13884 -117.91780 33.76670 300.00 0.1250 8.0000
CE_13885 -117.95580 33.75710 285.00 0.1250 8.0000
CE_13886 -117.96800 33.79110 267.00 0.1250 8.0000
CE_13887 -117.96290 33.67650 302.00 0.1250 8.0000
CE_13888 -117.84950 33.81950 343.00 0.1250 8.0000
CE_13889 -117.84390 33.74780 323.00 0.1250 8.0000
CE_13890 -117.89380 33.74200 300.00 0.1250 8.0000
CE_13892 -117.88010 33.69970 273.00 0.1250 8.0000
CE_13893 -117.89020 33.78460 302.00 0.1250 8.0000
CE_13894 -117.92150 33.78900 290.00 0.1250 8.0000
CE_13913 -117.48770 33.91880 358.00 0.2125 8.0000
CE_13914 -117.38830 33.95110 368.00 0.1250 8.0000
CE_13915 -117.34390 33.97920 364.00 0.1250 8.0000
CE_13916 -117.32190 33.89460 470.00 0.1625 8.0000
CE_13918 -117.56130 33.90350 354.00 0.1250 8.0000
CE_13921 -117.48650 33.97530 427.00 0.1250 8.0000
CE_13924 -117.12740 33.74750 404.00 0.1250 8.0000
CE_13927 -117.17310 33.92120 325.00 0.1250 8.0000
CE_14001 -118.21480 33.80220 223.00 0.1250 8.0000
CE_14002 -118.17340 33.78470 340.00 0.1250 8.0000
CE_14004 -118.26030 33.74720 223.00 0.1250 8.0000
CE_14005 -118.13090 33.75890 293.00 0.1250 8.0000
CE_14006 -118.00080 33.72700 267.00 0.1250 8.0000
CE_14007 -118.02570 33.72300 311.00 0.1250 8.0000
CE_14017 -118.31210 33.98960 223.00 0.1250 8.0000
CE_14026 -118.04690 33.88920 281.00 0.1250 8.0000
CE_14027 -118.05760 33.92830 342.00 0.1250 8.0000
CE_14028 -118.06550 33.96220 272.00 0.1250 8.0000
CE_14036 -118.36830 33.86880 311.00 0.1250 8.0000
CE_14041 -118.12120 33.99100 326.00 0.1250 8.0000
CE_14043 -118.32690 33.93850 306.00 0.1250 8.0000
CE_14044 -118.35340 33.97630 400.00 0.1250 8.0000
CE_14058 -118.20880 33.89800 279.00 0.1250 8.0000
CE_14059 -118.23970 33.87580 304.00 0.1250 8.0000
CE_14060 -118.17820 33.99900 289.00 0.1250 8.0000
CE_14125 -118.15810 33.81790 340.00 0.1250 8.0000
CE_14175 -118.21430 33.93060 267.00 0.1250 8.0000
CE_14241 -118.13340 33.77730 282.00 0.1250 8.0000
CE_14242 -118.19520 33.84000 350.00 0.1250 8.0000
CE_14368 -118.16790 33.92390 272.00 0.1250 8.0000
CE_14400 -118.07240 33.83700 256.00 0.1250 8.0000
CE_14403 -118.26110 33.92900 301.00 0.1250 8.0000
CE_14560 -118.19650 33.76860 322.00 0.1250 8.0000
CE_14767 -118.38040 33.96280 340.00 0.1250 8.0000
CE_14787 -118.23940 33.92440 287.00 0.1250 8.0000
CE_14820 -118.34250 33.99340 400.00 0.1250 8.0000
CE_14821 -118.29120 33.96860 267.00 0.1250 8.0000
CE_14822 -118.38110 33.94510 311.00 0.1250 8.0000
CE_14825 -118.20860 33.97620 293.00 0.1250 8.0000
CE_14827 -118.12730 33.92000 267.00 0.1250 8.0000
CE_14828 -118.09890 33.93900 313.00 0.1250 8.0000
CE_14829 -118.11790 33.88290 267.00 0.1250 8.0000
CE_14830 -118.10690 33.84650 279.00 0.1250 8.0000
CE_14834 -118.32680 33.92190 316.00 0.3750 8.0000
CE_14840 -118.00110 33.94640 427.00 0.1250 8.0000
CE_14844 -118.14920 33.96890 298.00 0.1250 8.0000
CE_14846 -118.27690 33.81090 311.00 0.1250 8.0000
CE_14847 -118.21670 33.82680 293.00 0.1250 8.0000
CE_14869 -118.10820 33.81820 256.00 0.1250 8.0000
CE_14871 -118.16820 33.76310 321.00 0.1250 8.0000
CE_14872 -118.17550 33.87300 223.00 0.1250 8.0000
CE_14934 -118.30050 33.93860 422.00 0.1250 8.0000
CE_14935 -118.26180 33.86750 381.00 0.1250 8.0000
CE_14936 -118.16080 33.83370 311.00 0.1250 8.0000
CE_14937 -118.01130 33.90510 381.00 0.1250 8.0000
CE_14988 -118.31480 33.90900 244.00 0.1250 8.0000
CE_23024 -117.99950 34.14740 388.00 0.1250 8.0000
CE_23049 -117.77730 34.12520 406.00 0.1250 8.0000
CE_23056 -117.89300 34.06490 371.00 0.1250 8.0000
CE_23057 -117.91160 34.04300 404.00 0.1250 8.0000
CE_23075 -117.03520 34.04640 440.00 0.1250 8.0000
CE_23077 -117.69760 34.05740 321.00 0.1250 8.0000
CE_23084 -117.31200 34.03280 458.00 0.1250 8.0000
CE_23089 -117.68060 34.11250 381.00 0.1250 8.0000
CE_23090 -117.59780 34.13390 377.00 0.1250 8.0000
CE_23091 -117.51060 34.01360 881.00 0.1250 8.0000
CE_23138 -117.45400 34.12470 356.00 0.1250 8.0000
CE_23163 -117.53980 34.12290 377.00 0.1250 8.0000
CE_23164 -117.15530 34.02620 406.00 0.1250 8.0000
CE_23173 -117.81430 34.00180 402.00 0.1250 8.0000
CE_23177 -117.96710 34.14060 388.00 0.1250 8.0000
CE_23178 -117.91080 34.13210 340.00 0.1250 8.0000
CE_23179 -117.90600 34.09590 321.00 0.1250 8.0000
CE_23292 -117.54440 34.42570 378.00 0.1250 8.0000
CE_23327 -117.81010 34.09220 441.00 0.1250 8.0000
CE_23417 -117.60730 34.03330 386.00 0.2125 8.0000
CE_23525 -117.74870 34.05640 287.00 0.1250 8.0000
CE_23542 -117.29280 34.06560 342.00 0.1250 8.0000
CE_23773 -117.98460 34.06670 294.00 0.1250 8.0000
CE_23774 -117.93820 34.07320 325.00 0.1250 8.0000
CE_23780 -117.28720 34.09640 335.00 0.1250 8.0000
CE_23836 -117.85120 34.11360 416.00 0.1250 8.0000
CE_23842 -117.93540 33.99980 321.00 0.1250 8.0000
CE_23843 -117.95120 34.03630 354.00 0.1250 8.0000
CE_23895 -117.67050 34.07630 356.00 0.1250 8.0000
CE_23897 -117.25280 34.13320 584.00 0.1250 8.0000
CE_23898 -117.32230 34.13500 352.00 0.1250 8.0000
CE_23899 -117.39810 34.06920 348.00 0.1250 8.0000
CE_23938 -117.86570 34.02090 402.00 0.1250 8.0000
CE_23939 -117.73820 34.12110 385.00 0.1250 8.0000
CE_23940 -117.74520 34.09570 356.00 0.1250 8.0000
CE_23958 -117.64660 34.43930 423.00 0.1250 8.0000
CE_24010 -118.23310 34.20760 415.00 0.1250 8.0000
CE_24020 -118.21760 34.07520 426.00 0.1250 8.0000
CE_24022 -118.13270 34.15500 427.00 0.1250 8.0000
CE_24023 -118.15020 34.16550 450.00 0.1250 8.0000
CE_24025 -118.12960 34.04080 423.00 0.1250 8.0000
CE_24029 -118.10010 34.10350 369.00 0.1250 8.0000
CE_24030 -118.13060 34.09710 422.00 0.1250 8.0000
CE_24033 -118.10060 34.08410 401.00 0.1250 8.0000
CE_24034 -118.23010 34.02550 293.00 0.1250 8.0000
CE_24039 -118.28700 34.00400 293.00 0.1250 8.0000
CE_24040 -118.20780 34.03120 364.00 0.1250 8.0000
CE_24109 -118.15410 34.10810 451.00 0.1250 8.0000
CE_24110 -118.05780 34.10860 347.00 0.1250 8.0000
CE_24114 -118.04190 34.07530 319.00 0.1250 8.0000
CE_24157 -118.36210 34.00830 291.00 0.1250 8.0000
CE_24289 -118.25230 34.05550 342.00 0.1250 8.0000
CE_24399 -118.05820 34.22360 483.00 0.1250 8.0000
CE_24461 -118.15090 34.07050 550.00 0.1250 8.0000
CE_24592 -118.17170 34.05330 365.00 0.1250 8.0000
CE_24611 -118.24660 34.05910 392.00 0.1250 8.0000
CE_24612 -118.27230 34.04280 352.00 0.1250 8.0000
CE_24691 -118.15090 34.14910 431.00 0.3750 8.0000
CE_24806 -118.57140 34.22180 321.00 0.1250 8.0000
CE_24811 -118.30810 34.08380 340.00 0.1250 8.0000
CE_24814 -118.21090 34.13960 452.00 0.1250 8.0000
CE_24833 -118.31560 34.06270 340.00 0.1250 8.0000
CE_24838 -118.26420 34.03730 327.00 0.1250 8.0000
CE_24839 -118.25220 34.05820 360.00 0.1250 8.0000
CE_24841 -118.07830 34.00140 280.00 0.1250 8.0000
CE_24850 -118.01920 34.03180 415.00 0.1250 8.0000
CE_24851 -118.34640 34.06950 424.00 0.1250 8.0000
CE_24852 -118.28530 34.02450 293.00 0.1250 8.0000
CE_24853 -118.28650 34.07740 424.00 0.1250 8.0000
CE_24941 -118.14680 34.01740 359.00 0.1250 8.0000
CE_24945 -118.25540 34.16320 377.00 0.1250 8.0000
CE_24977 -118.24780 34.04110 320.00 0.1250 8.0000
CE_24980 -118.27390 34.05570 400.00 0.1250 8.0000
CE_24982 -118.28780 34.10030 402.00 0.1250 8.0000
CE_24983 -118.38400 34.05070 321.00 0.1250 8.0000
CE_24984 -118.32510 34.02130 293.00 0.1250 8.0000
CE_24987 -118.25700 34.01250 293.00 0.1250 8.0000
CI_BBS -116.98058 33.92139 341.00 0.1250 8.0000
CI_BFS -117.65853 34.23883 500.00 0.1250 8.0000
CI_BHP -118.36171 33.99053 299.00 0.1250 8.0000
CI_BRE -117.98116 33.80776 238.00 0.1250 8.0000
CI_CAC -118.12200 34.13700 399.00 0.1250 8.0000
CI_CFS -117.28287 34.10539 326.00 0.1250 8.0000
CI_CFT -117.11241 34.03547 422.00 0.1250 8.0000
CI_CHN -117.68044 33.99879 292.00 0.1250 8.0000
CI_CJM -117.42448 34.27117 472.00 0.1250 8.0000
CI_CLT -117.31687 34.09284 306.00 0.1250 8.0000
CI_CRN -117.56106 33.87574 367.00 0.1250 8.0000
CI_DLA -118.09624 33.84822 234.00 0.1250 8.0000
CI_FON -117.43876 34.09957 404.00 0.1250 8.0000
CI_FUL -117.92251 33.87170 309.00 0.1250 8.0000
CI_GSA -118.12830 34.13677 325.00 0.1250 8.0000
CI_GVR -118.11995 34.04972 402.00 0.1250 8.0000
CI_HLN -117.21897 34.12128 348.00 0.1250 8.0000
CI_IPT -117.28498 34.19701 297.00 0.1250 8.0000
CI_KIK -118.10156 34.15037 384.00 0.1250 8.0000
CI_LAF -118.33143 33.86889 257.00 0.1250 8.0000
CI_LBW1 -118.08837 33.79800 300.00 0.1250 8.0000
CI_LCG -118.37794 34.00033 312.00 0.1250 8.0000
CI_LGB -118.14918 33.97530 353.00 0.1250 8.0000
CI_LLS -117.94304 33.68447 220.00 0.1250 8.0000
CI_LPC -117.54642 34.31478 514.00 0.1250 8.0000
CI_LTP -118.17568 33.88110 259.00 0.1250 8.0000
CI_LUG -117.36683 34.36560 371.00 0.1250 8.0000
CI_MLS -117.56162 34.00460 337.00 0.1250 8.0000
CI_MWC -118.05832 34.22362 655.00 0.1250 8.0000
CI_NOT -118.55829 34.22869 319.00 0.1250 8.0000
CI_OGC -117.84400 33.78816 373.00 0.1250 8.0000
CI_OLI -117.92372 33.94539 328.00 0.1250 8.0000
CI_PDR -118.43702 33.96273 322.00 0.1250 8.0000
CI_PDU -117.63808 34.12070 423.00 0.1250 8.0000
CI_PER -117.20529 33.86164 563.00 0.3750 8.0000
CI_PLS -117.60906 33.79530 699.00 0.1250 8.0000
CI_PSR -117.80709 34.09181 772.00 0.1250 8.0000
CI_Q0000 -118.11500 34.18800 419.00 0.1250 8.0000
CI_Q0001 -118.03000 34.14900 387.00 0.1250 8.0000
CI_Q0002 -118.39900 34.07200 321.00 0.1625 8.0000
CI_Q0005 -117.76800 33.52800 435.00 0.1250 8.0000
CI_Q0009 -117.70500 33.60500 365.00 0.1250 8.0000
CI_Q0013 -118.06000 34.54000 360.00 0.1625 8.0000
CI_Q0014 -118.39700 34.27700 387.00 0.1250 8.0000
CI_Q0016 -117.56500 33.84300 360.00 0.1250 8.0000
CI_Q0018 -117.95300 33.69600 234.00 0.1250 8.0000
CI_Q0020 -116.95300 33.96000 407.00 0.1625 8.0000
CI_Q0021 -118.05400 33.72300 232.00 0.1250 8.0000
CI_Q0022 -117.50100 33.77000 418.00 0.1250 8.0000
CI_Q0023 -117.57600 33.95500 422.00 0.1250 8.0000
CI_Q0026 -117.56900 33.64300 437.00 0.1250 8.0000
CI_Q0028 -117.18100 33.83100 421.00 0.1625 8.0000
CI_Q0029 -117.74800 33.72700 387.00 0.1250 8.0000
CI_Q0034 -117.65500 33.69000 494.00 0.1250 8.0000
CI_Q0035 -118.20400 34.46600 429.00 0.3750 8.0000
CI_Q0038 -117.42800 33.73100 429.00 0.1250 8.0000
CI_Q0041 -117.42800 34.17200 387.00 0.1250 8.0000
CI_Q0042 -117.65800 33.92600 458.00 0.1250 8.0000
CI_Q0046 -117.65100 34.14500 367.00 0.1250 8.0000
CI_Q0048 -117.80300 33.77200 423.00 0.1250 8.0000
CI_Q0049 -117.12600 34.19700 593.00 0.1250 8.0000
CI_Q0057 -118.47700 34.18800 319.00 0.1625 8.0000
CI_Q0063 -118.26800 34.08000 428.00 0.1625 8.0000
CI_Q0066 -117.77700 33.89900 396.00 0.1250 8.0000
CI_Q0067 -117.99100 33.94700 451.00 0.1250 8.0000
CI_Q0074 -118.37300 33.88600 418.00 0.1250 8.0000
CI_RIN -118.47925 34.28196 333.00 0.1250 8.0000
CI_RIO -117.97956 34.10473 474.00 0.1250 8.0000
CI_RSS -117.32674 33.97327 358.00 0.1250 8.0000
CI_RUS -118.08078 34.05075 346.00 0.1250 8.0000
CI_RVR -117.37545 33.99351 640.00 0.1250 8.0000
CI_SAN -117.88578 33.70432 222.00 0.1250 8.0000
CI_SBPX -117.23484 34.23240 418.00 0.1250 8.0000
CI_SDD -117.66171 33.55259 412.00 0.1250 8.0000
CI_SMF2 -118.44600 34.02200 362.00 0.1250 8.0000
CI_SOF -117.55700 33.37100 443.00 0.1250 8.0000
CI_SRN -117.78938 33.82854 261.00 0.1250 8.0000
CI_STG -117.76856 33.66400 274.00 0.1250 8.0000
CI_STS -118.19878 33.79033 246.00 0.1250 8.0000
CI_SVD -117.09822 34.10647 510.00 0.1250 8.0000
CI_TA2 -117.67822 34.38203 607.00 0.1250 8.0000
CI_USC -118.28631 34.01919 350.00 0.1250 8.0000
CI_WLT -117.95077 34.00948 265.00 0.1250 8.0000
CI_WSS -118.64971 34.17170 324.00 0.1250 8.0000
CI_WTT2 -118.25500 33.94900 266.00 0.1250 8.0000
NP_707 -117.44900 33.85400 533.00 0.3750 8.0000
