-117.95700 33.84000  CE_13066  275.12  0.1250  32.0000
-117.81800 33.85400  CE_13849  359.47  0.1250  32.0000
-117.88700 33.88900  CE_13878  377.00  0.1250  32.0000
-117.95900 33.86600  CE_13879  283.30  0.1250  32.0000
-117.93100 33.90900  CE_13880  306.60  0.1250  32.0000
-117.95600 33.93100  CE_13881  331.70  0.1250  32.0000
-117.80300 33.92700  CE_13882  378.20  0.1250  32.0000
-117.85800 33.85300  CE_13883  283.50  0.1250  32.0000
-118.04700 33.88900  CE_14026  268.70  0.1250  32.0000
-118.05800 33.92800  CE_14027  338.00  0.1250  32.0000
-117.86600 34.02100  CE_23938  383.40  0.1250  32.0000
-117.98100 33.80800  CI_BRE  265.59  0.1250  32.0000
-117.92300 33.87200  CI_FUL  351.22  0.1250  32.0000
-117.92400 33.94500  CI_OLI  414.77  0.1250  18.4000
-117.95100 34.00900  CI_WLT  342.64  0.1250  18.4000
