259
9199 5947 1
6012 2660 1
6729 2862 1
6698 3390 1
6651 2664 1
7573 4502 1
8074 5281 1
8975 4092 1
7437 4151 1
7186 3884 1
7035 3756 1
7447 4637 1
6931 1933 1
6337 4004 1
5727 3496 1
6492 1779 1
6832 2060 1
7312 2567 1
7297 2422 1
7444 3951 1
6461 3125 1
5901 3236 1
6674 2754 1
7079 1852 1
6089 3075 1
5912 2766 1
5863 3029 1
5695 3055 1
6253 3484 1
6319 3008 1
6410 2460 1
6308 2307 1
6145 2417 1
6566 1941 1
6468 2887 1
6741 2596 1
6583 2425 1
6781 2284 1
6446 2618 1
6318 2545 1
7409 4376 1
7648 4807 1
7706 5058 1
8084 4762 1
7201 4094 1
7213 4621 1
9298 4711 1
8519 5316 1
5221 1741 1
5431 1787 1
5251 1372 1
5674 1801 1
6252 2046 1
6177 1956 1
4216 2262 1
5518 2606 1
5342 2743 1
5195 2865 1
4438 1579 1
4894 2826 1
4342 1999 1
4115 2085 1
4907 2170 1
4874 1985 1
4662 2693 1
5370 1975 1
4773 2294 1
5601 1873 1
5159 1961 1
4963 2401 1
5610 2308 1
4611 2151 1
5405 1650 1
4065 1948 1
4705 2194 1
4094 2190 1
4365 2233 1
4125 1870 1
4634 2507 1
5122 2503 1
5157 2668 1
5286 2371 1
5453 2247 1
4401 1928 1
5480 2986 1
4872 2649 1
4968 1597 1
5128 1841 1
5547 2122 1
5526 1710 1
5114 2160 1
4436 2077 1
4824 1884 1
5305 2035 1
5589 2779 1
4489 1908 1
4780 3852 1
5649 4408 1
5449 3810 1
5460 3662 1
8563 6257 1
6172 4351 1
7630 5381 1
6038 4637 1
6257 4971 1
6992 4714 1
6800 5355 1
6502 5095 1
8209 5815 1
5952 3771 1
4919 3918 1
5149 4046 1
5294 3905 1
5416 6375 1
5649 4170 1
6578 4513 1
5994 4197 1
7582 5577 1
5116 3550 1
5259 3714 1
7492 5725 1
5427 4141 1
5527 3407 1
5342 3517 1
6202 4512 1
7484 5984 1
7231 5786 1
7195 5282 1
5702 3702 1
5803 4505 1
5867 4375 1
5006 6134 1
3735 3429 1
4254 2906 1
4278 3496 1
4178 3490 1
4689 3015 1
4575 3370 1
4488 3254 1
4641 3285 1
4384 2656 1
4256 2397 1
4444 2745 1
4366 3232 1
4708 3516 1
4882 3419 1
3972 2197 1
4199 2720 1
4303 4008 1
4509 3080 1
4495 2946 1
4207 2752 1
4172 2607 1
4233 3418 1
2476 2507 1
3901 2679 1
4052 3202 1
3948 2566 1
4220 2607 1
4190 2732 1
5011 2996 1
5115 3299 1
3814 2506 1
4190 2490 1
4000 2714 1
4710 2864 1
3811 3174 1
4266 2671 1
4121 2658 1
3915 2809 1
3745 2315 1
4059 2361 1
4333 2521 1
9201 5887 1
5671 5242 1
4035 2122 1
6039 2450 1
4379 3450 1
7476 5776 1
8328 5982 1
6440 4151 1
6387 6067 1
7400 5623 1
7300 3976 1
5485 2286 1
6943 5292 1
6024 2896 1
4357 3431 1
4693 3081 1
7646 6032 1
7144 6161 1
4405 3567 1
4570 1687 1
5689 2094 1
3943 2116 1
4849 2677 1
6609 2033 1
5800 5895 1
5085 2195 1
6257 6639 1
6842 4525 1
4302 4008 1
2499 2575 1
6598 2769 1
5760 3208 1
3863 1782 1
6160 4797 1
8616 4967 1
7413 3491 1
5661 4177 1
4225 3689 1
4665 3770 1
3617 2363 1
7787 1879 1
7741 2394 1
3185 5360 1
2907 3251 1
7401 3825 1
6533 2054 1
9161 6133 1
6076 1873 1
7887 3702 1
6966 4271 1
8093 2958 1
8811 4908 1
7157 2790 1
7620 2905 1
2933 4624 1
8286 3751 1
6725 5633 1
6777 3906 1
6029 4863 1
6802 2820 1
7707 6629 1
2932 2636 1
4057 2779 1
6447 3440 1
5514 3018 1
4361 1639 1
2595 3034 1
5001 3728 1
7788 5084 1
4829 3200 1
7544 5026 1
6744 2287 1
7196 6459 1
8081 2298 1
3623 2011 1
9097 1832 1
6651 3102 1
7306 2459 1
5321 1737 1
8126 6326 1
5096 5797 1
4205 2465 1
5438 3404 1
2370 2064 1
4563 2254 1
7776 4214 1
