351
8946 5949 1
5761 2662 1
6480 2865 1
6448 3392 1
6397 2668 1
7323 4503 1
7821 5285 1
8725 4097 1
7187 4153 1
6933 3886 1
6784 3762 1
7195 4643 1
6679 1938 1
6086 4006 1
5476 3497 1
6243 1781 1
7057 2565 1
8219 5212 1
6580 2065 1
7061 2568 1
6621 1818 1
7045 2426 1
6617 1815 1
7189 3954 1
7349 4971 1
7193 3957 1
6212 3126 1
5651 3239 1
6422 2753 1
6827 1852 1
5838 3077 1
5662 2767 1
5611 3034 1
5444 3055 1
6005 3487 1
6069 3008 1
6157 2463 1
6056 2309 1
5894 2419 1
6316 1941 1
6217 2886 1
6488 2600 1
6331 2427 1
6529 2288 1
6194 2623 1
6069 2549 1
7155 4379 1
7398 4811 1
7455 5060 1
7831 4767 1
6949 4100 1
6961 4621 1
8268 5318 1
4970 1743 1
5180 1793 1
5001 1375 1
5422 1804 1
6000 2048 1
5925 1958 1
3964 2267 1
5266 2608 1
5090 2743 1
4942 2866 1
4187 1583 1
4644 2829 1
4092 2000 1
3866 2087 1
4655 2172 1
4621 1987 1
4412 2697 1
5118 1978 1
5175 1967 1
4521 2300 1
5061 1316 1
5352 1875 1
4908 1964 1
4711 2404 1
5360 2312 1
4360 2154 1
4951 1348 1
5150 1654 1
5594 1930 1
3922 1740 1
3825 1947 1
3815 1953 1
4926 1335 1
4456 2196 1
3842 2189 1
4112 2238 1
3874 1872 1
4381 2508 1
4871 2507 1
4905 2670 1
5033 2374 1
5203 2248 1
4148 1931 1
5231 2987 1
4621 2653 1
4716 1600 1
4875 1844 1
5297 2125 1
5275 1713 1
4864 2165 1
4185 2083 1
4574 1884 1
5051 2038 1
5339 2782 1
4237 1910 1
4531 3855 1
5400 4410 1
5198 3814 1
5207 3664 1
8314 6258 1
5921 4351 1
7378 5385 1
5787 4636 1
6005 4974 1
6738 4717 1
6548 5359 1
6249 5097 1
7959 5818 1
5701 3775 1
4666 3923 1
4898 4048 1
5042 3908 1
7374 5620 1
5165 6380 1
5398 4172 1
5405 4171 1
6329 4509 1
6329 4516 1
7605 5811 1
6196 4916 1
5742 4197 1
7328 5581 1
6843 5877 1
4862 3553 1
5009 3716 1
7243 5727 1
5175 4146 1
5276 3412 1
5093 3519 1
5950 4512 1
7232 5985 1
6981 5790 1
6945 5285 1
5449 3704 1
5552 4508 1
5616 4380 1
4754 6134 1
3962 2752 1
3482 3434 1
4002 2906 1
4025 3498 1
3926 3496 1
4436 3017 1
4325 3371 1
4236 3255 1
4389 3287 1
4131 2661 1
4004 2400 1
4192 2747 1
3997 2738 1
4115 3235 1
4454 3520 1
4631 3420 1
3722 2199 1
3958 2756 1
4108 2864 1
4094 2860 1
4109 2900 1
3947 2726 1
3947 2726 1
4090 2857 1
4050 4013 1
4278 2860 1
4256 3085 1
4145 2680 1
4209 3011 1
4244 2946 1
3936 2681 1
4109 2900 1
3955 2753 1
3921 2611 1
3939 2662 1
3934 2464 1
3982 3420 1
3566 2272 1
3570 2283 1
4240 2922 1
2225 2512 1
3649 2683 1
3799 3206 1
3694 2569 1
3971 2609 1
3940 2734 1
4762 2998 1
4864 3303 1
3565 2508 1
3938 2496 1
3748 2714 1
4459 2865 1
3561 3177 1
4014 2673 1
3868 2662 1
3664 2810 1
3492 2319 1
3809 2362 1
4080 2526 1
1786 1619 1
1567 5300 1
5420 5245 1
3784 2124 1
5787 2453 1
608 4487 1
4128 3452 1
4097 3450 1
7224 5779 1
8077 5985 1
3780 4576 1
6189 4154 1
6135 6070 1
2669 5074 1
7148 5625 1
7048 3979 1
2963 3336 1
3045 2350 1
3045 2350 1
5234 2289 1
5001 1128 1
6692 5295 1
5772 2899 1
3557 2853 1
4106 3434 1
4441 3084 1
3140 2930 1
7394 6035 1
6892 6163 1
3625 5277 1
4153 3570 1
6893 1851 1
4318 1690 1
5438 2096 1
5438 2096 1
3692 2119 1
355 6484 1
1745 5042 1
1859 5016 1
2231 3111 1
4598 2679 1
845 589 1
6358 2036 1
5549 5898 1
4833 2197 1
4114 3441 1
4114 3441 1
4755 1126 1
6591 4528 1
824 1801 1
4051 4010 1
2247 2578 1
6347 2772 1
5509 3211 1
311 3764 1
3781 3416 1
1418 3428 1
3611 1785 1
5909 4799 1
8364 4969 1
7161 3494 1
5409 4180 1
2138 890 1
3974 3692 1
4414 3773 1
3365 2366 1
7536 1882 1
7490 2397 1
2933 5363 1
2655 3254 1
7150 3828 1
6281 2056 1
8910 6135 1
5824 1875 1
7636 3705 1
6715 4274 1
7842 2961 1
8559 4911 1
6906 2792 1
7369 2908 1
2681 4627 1
8034 3754 1
6474 5636 1
6525 3908 1
5777 4865 1
6551 2823 1
2680 2639 1
3806 2782 1
6196 3443 1
5263 3021 1
4109 1642 1
1878 3470 1
4993 3187 1
2344 3037 1
2344 3037 1
4749 3730 1
4496 938 1
7536 5084 1
7537 5087 1
4577 3203 1
7292 5029 1
6493 2289 1
6944 6462 1
7830 2301 1
3372 2012 1
1435 2222 1
8846 1832 1
2524 1593 1
6400 3105 1
7054 2462 1
5069 1740 1
7875 6329 1
4844 5799 1
1147 6329 1
3953 2467 1
2926 4953 1
5187 3406 1
3283 2606 1
2119 2067 1
4311 2255 1
2460 2895 1
2180 3110 1
7521 4178 1
1864 5041 1
3243 5484 1
5454 5879 1
6403 5728 1
2607 1835 1
4106 3435 1
6991 6015 1
6998 5574 1
7123 6131 1
7310 6136 1
6570 5960 1
3362 2393 1
4008 2768 1
8638 6551 1
6374 2513 1
1063 5005 1
3055 3029 1
3747 1737 1
6403 6550 1
