259
18172 12266 1
10205 4049 1
11998 4554 1
11919 5875 1
11801 4059 1
14106 8655 1
15359 10602 1
17613 7630 1
13767 7777 1
13140 7111 1
12761 6790 1
13792 8992 1
12502 2232 1
11018 7410 1
9492 6140 1
11405 1846 1
12254 2548 1
13456 3817 1
13417 3454 1
13786 7277 1
11328 5212 1
9928 5490 1
11859 4283 1
12871 2029 1
10398 5087 1
9955 4313 1
9833 4972 1
9412 5037 1
10807 6110 1
10973 4919 1
11200 3549 1
10944 3167 1
10536 3442 1
11589 2252 1
11346 4617 1
12027 3890 1
11632 3461 1
12126 3109 1
11289 3944 1
10970 3761 1
13696 8340 1
14295 9418 1
14440 10045 1
15385 9306 1
13176 7635 1
13207 8952 1
18419 9178 1
16471 10689 1
8228 1753 1
8753 1868 1
8302 829 1
9360 1902 1
10806 2514 1
10618 2289 1
5715 3055 1
8968 3915 1
8529 4256 1
8161 4562 1
6268 1346 1
7410 4464 1
6030 2398 1
5461 2611 1
7442 2825 1
7360 2361 1
6831 4133 1
8599 2336 1
7107 3135 1
9176 2081 1
8072 2302 1
7581 3402 1
9198 3169 1
6702 2776 1
8687 1526 1
5338 2269 1
6937 2885 1
5409 2874 1
6086 2982 1
5486 2073 1
6758 3666 1
7979 3657 1
8066 4069 1
8388 3328 1
8806 3018 1
6176 2220 1
8875 4864 1
7354 4022 1
7595 1392 1
7996 2003 1
9043 2705 1
8989 1674 1
7960 2800 1
6265 2592 1
7235 2110 1
8436 2486 1
9147 4347 1
6396 2169 1
7123 7031 1
9298 8418 1
8798 6925 1
8825 6555 1
16582 13041 1
10604 8278 1
14249 10852 1
10270 8991 1
10817 9828 1
12655 9184 1
12175 10786 1
11429 10136 1
15697 11938 1
10055 6826 1
7472 7194 1
8048 7515 1
8409 7162 1
8714 13337 1
9296 7825 1
11621 8683 1
10158 7892 1
14129 11343 1
7965 6274 1
8322 6683 1
13905 11713 1
8742 7753 1
8992 5918 1
8530 6193 1
10679 8679 1
13884 12358 1
13252 11865 1
13162 10605 1
9428 6654 1
9682 8661 1
9843 8338 1
7689 12734 1
4511 5973 1
5810 4664 1
5869 6140 1
5620 6125 1
6898 4937 1
6611 5825 1
6395 5534 1
6777 5613 1
6134 4039 1
5813 3393 1
6283 4263 1
6089 5480 1
6944 6189 1
7378 5948 1
5103 2892 1
5673 4199 1
5931 7419 1
6447 5100 1
6412 4764 1
5692 4279 1
5605 3917 1
5758 5944 1
1364 3668 1
4926 4097 1
5306 5404 1
5044 3815 1
5726 3917 1
5650 4229 1
7702 4889 1
7963 5647 1
4708 3664 1
5649 3625 1
5175 4185 1
6950 4560 1
4701 5334 1
5839 4077 1
5478 4044 1
4963 4422 1
4536 3188 1
5321 3301 1
6007 3703 1
18177 12116 1
9351 10504 1
5262 2703 1
10272 3524 1
6122 6025 1
13864 11840 1
15995 12354 1
11274 7777 1
11142 12566 1
13674 11456 1
13423 7340 1
8887 3114 1
12533 10630 1
10234 4640 1
6068 5976 1
6906 5103 1
14290 12481 1
13034 12801 1
6187 6317 1
6598 1617 1
9398 2633 1
5031 2690 1
7298 4091 1
11697 2483 1
9676 12137 1
7887 2886 1
10816 13997 1
12280 8712 1
5930 7419 1
1421 3837 1
11671 4321 1
9575 5420 1
4831 1856 1
10576 9391 1
16714 9816 1
13706 6127 1
9326 7843 1
5737 6623 1
6837 6825 1
4216 3308 1
14642 2097 1
14528 3385 1
3137 10800 1
2441 5527 1
13678 6961 1
11506 2533 1
18078 12731 1
10364 2081 1
14893 6654 1
12590 8077 1
15408 4796 1
17201 9670 1
13068 4373 1
14225 4663 1
2506 8960 1
15889 6777 1
11988 11482 1
12116 7164 1
10246 9556 1
12180 4450 1
14441 13973 1
2504 3989 1
5318 4348 1
11293 6000 1
8960 4944 1
6076 1497 1
1663 4984 1
7676 6719 1
14645 10108 1
7247 5400 1
14033 9965 1
12035 3117 1
13164 13548 1
15377 3145 1
4232 2428 1
17918 1979 1
11803 5155 1
13439 3548 1
8476 1742 1
15490 13214 1
7914 11891 1
5687 3561 1
8770 5909 1
1100 2560 1
6582 3035 1
14614 7934 1
