# CI_STS -118.19872103 33.79025639
# 
# Depth (m)   Vp (m/s)        Vs(m/s)      Density(kg/m3)
   0.0       344.7049866     192.0130005    1919.4289551  
  20.0      1575.5400391     295.6400146    2113.7778320  
  40.0      1679.2700195     350.5020142    2130.1567383  
  60.0      1669.2500000     405.3630066    2128.5747070  
  80.0      1739.8299561     466.3200073    2139.7192383  
 100.0      1722.2500000     466.3200073    2136.9433594  
 120.0      1724.8100586     527.2769775    2137.3474121  
 140.0      1700.5338135     527.2769775    2133.5144043  
 160.0      1650.1179199     588.2340088    2125.5537109  
 180.0      1603.6728516     588.2340088    2118.2199707  
 200.0      1583.1574707     693.5432129    2114.9804688  
 220.0      1634.2120361     722.5433960    2123.0419922  
 240.0      1682.2631836     750.1053467    2130.6293945  
 260.0      1727.7155762     776.4101562    2137.8063965  
 280.0      1770.8944092     801.6047974    2144.6242676  
 300.0      1812.0650635     825.8110352    2151.1250000  
 320.0      1851.4450684     849.1288452    2157.3432617  
 340.0      1889.2175293     871.6426392    2163.3073730  
 360.0      1925.5363770     893.4249878    2169.0422363  
 380.0      1960.5350342     914.5381470    2174.5683594  
 400.0      1994.3269043     935.0364380    2179.9042969  
 420.0      2027.0109863     954.9662476    2185.0649414  
 440.0      2058.6743164     974.3698730    2190.0646973  
 460.0      2089.3918457     993.2830200    2194.9150391  
 480.0      1849.7885742     926.5880127    2222.8320312  
 500.0      1845.1954346     924.6741943    2226.3552246  
 520.0      1859.8675537     932.7781982    2229.7858887  
 540.0      1874.2758789     940.7470093    2233.1293945  
 560.0      1888.4372559     948.5886841    2236.3913574  
 580.0      1902.3657227     956.3101196    2239.5766602  
 600.0      1916.0749512     963.9172363    2242.6896973  
 620.0      1929.5766602     971.4163818    2245.7343750  
 640.0      1942.8818359     978.8127441    2248.7141113  
 660.0      1956.0003662     986.1112061    2251.6325684  
 680.0      1968.9425049     993.3165283    2254.4924316  
 700.0      1981.7156982    1000.4324951    2257.2968750  
 720.0      1994.3288574    1007.4637451    2260.0483398  
 740.0      2006.7890625    1014.4135742    2262.7497559  
 760.0      2019.1032715    1021.2852173    2265.4025879  
 780.0      2031.2770996    1028.0817871    2268.0092773  
 800.0      2043.3166504    1034.8061523    2270.5715332  
 820.0      2055.2280273    1041.4616699    2273.0917969  
 840.0      2067.0161133    1048.0504150    2275.5715332  
 860.0      2078.6860352    1054.5751953    2278.0122070  
 880.0      2090.2419434    1061.0380859    2280.4150391  
 900.0      2101.6882324    1067.4414062    2282.7817383  
 920.0      2113.0292969    1073.7869873    2285.1137695  
 940.0      2124.2680664    1080.0769043    2287.4121094  
 960.0      2135.4091797    1086.3129883    2289.6782227  
 980.0      2146.4555664    1092.4968262    2291.9133301  
1000.0      2157.4101562    1098.6301270    2294.1179199  
1020.0      2168.3837891    1104.9133301    2296.2934570  
1040.0      2179.2719727    1111.1490479    2298.4406738  
1060.0      2190.0773926    1117.3387451    2300.7290039  
1080.0      2200.8022461    1123.4838867    2303.4519043  
1100.0      2211.4492188    1129.5854492    2306.1413574  
1120.0      2222.0209961    1135.6447754    2308.7983398  
1140.0      2232.5190430    1141.6632080    2311.4240723  
1160.0      2242.9462891    1147.6416016    2314.0190430  
1180.0      2253.3041992    1153.5811768    2316.5844727  
1200.0      2263.5947266    1162.2971191    2319.1210938  
1220.0      2273.8200684    1175.1049805    2321.6298828  
1240.0      2283.9821777    1187.8117676    2324.1110840  
1260.0      2294.0815430    1200.4208984    2326.5659180  
1280.0      2304.1213379    1212.9342041    2328.9948730  
1300.0      2314.1027832    1225.3543701    2331.3986816  
1320.0      2324.0263672    1237.6828613    2333.7778320  
1340.0      2333.8945312    1249.9226074    2336.1333008  
1360.0      2343.7082520    1262.0755615    2338.4653320  
1380.0      2361.7709961    1274.1436768    2340.7746582  
1400.0      2380.6315918    1286.1282959    2343.0617676  
1420.0      2399.3557129    1298.0319824    2345.3271484  
1440.0      2417.9453125    1309.8559570    2347.5712891  
1460.0      2436.4042969    1321.6025391    2349.7949219  
1480.0      2454.7348633    1333.2728271    2351.9982910  
1500.0      2472.9404297    1344.8686523    2354.1818848  
1520.0      2492.6618652    1359.0361328    2356.3461914  
1540.0      2512.2636719    1373.1320801    2358.4914551  
1560.0      2531.7487793    1387.1582031    2360.6184082  
1580.0      2558.9438477    1406.5725098    2363.9626465  
1600.0      2588.5275879    1427.6844482    2367.6843262  
1620.0      2617.6708984    1448.5212402    2371.3361816  
1640.0      2646.3999023    1469.0999756    2374.9226074  
1660.0      2674.7324219    1489.4312744    2378.4467773  
1680.0      2702.6875000    1509.5258789    2381.9108887  
1700.0      2730.2834473    1529.3958740    2385.3186035  
1720.0      2757.5356445    1549.0499268    2388.6718750  
1740.0      2784.4584961    1568.4976807    2391.9731445  
1760.0      2811.0654297    1587.7463379    2395.2246094  
1780.0      2837.3730469    1606.8071289    2398.4289551  
1800.0      2863.3886719    1625.6833496    2401.5869141  
1820.0      2889.1240234    1644.3825684    2404.7006836  
1840.0      2914.5942383    1662.9145508    2407.7727051  
1860.0      2939.8032227    1681.2812500    2410.8034668  
1880.0      2964.7666016    1699.4924316    2413.7954102  
1900.0      2989.4858398    1717.5484619    2416.7487793  
1920.0      3013.9758301    1735.4594727    2419.6660156  
1940.0      3038.2385254    1753.2254639    2422.5473633  
1960.0      3062.2854004    1770.8544922    2425.3945312  
1980.0      3086.1220703    1788.3491211    2428.2084961  
2000.0      3109.7558594    1805.7148438    2430.9904785  
2020.0      3136.8205566    1825.9694824    2433.7414551  
2040.0      3163.6933594    1846.1008301    2436.4619141  
2060.0      3190.3801270    1866.1137695    2439.1533203  
2080.0      3216.8872070    1886.0107422    2441.8159180  
2100.0      3243.2189941    1905.7960205    2444.4511719  
2120.0      3269.3789062    1925.4707031    2447.0590820  
2140.0      3295.3776855    1945.0422363    2449.6418457  
2160.0      3321.2106934    1964.5067139    2452.1982422  
2180.0      3346.8886719    1983.8713379    2454.7299805  
2200.0      3372.4113770    2003.1359863    2457.2375488  
2220.0      3397.7890625    2022.3070068    2459.7219238  
2240.0      3423.0175781    2041.3815918    2462.1828613  
2260.0      3448.1093750    2060.3684082    2464.6223145  
2280.0      3473.0568848    2079.2607422    2467.0388184  
2300.0      3497.8754883    2098.0710449    2469.4350586  
2320.0      3522.5576172    2116.7915039    2471.8095703  
2340.0      3547.1120605    2135.4296875    2474.1643066  
2360.0      3571.5410156    2153.9865723    2476.4990234  
2380.0      3595.8471680    2172.4628906    2478.8142090  
2400.0      3620.0324707    2190.8608398    2481.1103516  
2420.0      3644.1005859    2209.1828613    2483.3881836  
2440.0      3668.0532227    2227.4291992    2485.6477051  
2460.0      3691.8925781    2245.6013184    2487.8891602  
2480.0      3715.6215820    2263.7019043    2490.1132812  
2500.0      3739.2429199    2281.7321777    2492.3205566  
2520.0      3757.8186035    2293.9145508    2494.5109863  
2540.0      3776.2895508    2306.0288086    2496.6850586  
2560.0      3794.6586914    2318.0756836    2498.8427734  
2580.0      3812.9284668    2329.0158691    2500.9851074  
2600.0      3831.0998535    2338.6806641    2503.1118164  
2620.0      3849.1752930    2348.2900391    2505.2231445  
2640.0      3867.1564941    2357.8449707    2507.3198242  
2660.0      3885.0451660    2367.3464355    2509.4018555  
2680.0      3902.8435059    2376.7956543    2511.4697266  
2700.0      3920.5512695    2386.1928711    2513.5231934  
2720.0      3938.1728516    2395.5400391    2515.5629883  
2740.0      3955.7072754    2404.8371582    2517.5891113  
2760.0      3973.1584473    2414.0856934    2519.6020508  
2780.0      3990.5249023    2423.2861328    2521.6015625  
2800.0      4007.8122559    2432.4404297    2523.5886230  
2820.0      4025.0163574    2441.5463867    2525.5625000  
2840.0      4042.1416016    2450.6071777    2527.5239258  
2860.0      4059.1904297    2459.6240234    2529.4733887  
2880.0      4076.1623535    2468.5961914    2531.4106445  
2900.0      4093.0590820    2477.5249023    2533.3361816  
2920.0      4109.8823242    2486.4111328    2535.2500000  
2940.0      4126.6318359    2495.2551270    2537.1520996  
2960.0      4143.3100586    2504.0578613    2539.0429688  
2980.0      4159.9174805    2512.8193359    2540.9226074  
3000.0      4176.4560547    2521.5412598    2542.7915039  
3020.0      4195.6284180    2537.9809570    2544.6494141  
3040.0      4214.7338867    2554.3818359    2546.4968262  
3060.0      4233.7724609    2570.7438965    2548.3334961  
3080.0      4252.7456055    2587.0683594    2550.1601562  
3100.0      4271.6542969    2603.3557129    2551.9763184  
3120.0      4290.4995117    2619.6064453    2553.7827148  
3140.0      4309.2827148    2635.8210449    2555.5791016  
3160.0      4346.5239258    2662.6923828    2560.2900391  
3180.0      4383.9472656    2689.6694336    2565.0297852  
3200.0      4420.6923828    2716.2541504    2569.6625977  
3220.0      4456.7998047    2742.4711914    2574.1943359  
3240.0      4492.3017578    2768.3383789    2578.6308594  
3260.0      4527.2348633    2793.8774414    2582.9775391  
3280.0      4561.6293945    2819.1054688    2587.2387695  
3300.0      4595.5102539    2844.0368652    2591.4194336  
3320.0      4628.9062500    2868.6882324    2595.5231934  
3340.0      4661.8393555    2893.0725098    2599.5539551  
3360.0      4361.5781250    2428.6135254    2550.9731445  
3380.0      4372.7680664    2440.4125977    2551.5708008  
3400.0      4383.9575195    2452.2121582    2552.1682129  
3420.0      4395.1479492    2464.0112305    2552.7656250  
3440.0      4406.3378906    2475.8103027    2553.3632812  
3460.0      4417.5278320    2487.6098633    2553.9606934  
3480.0      4428.7182617    2499.4089355    2554.5583496  
3500.0      4439.9077148    2511.2082520    2555.1557617  
3520.0      4450.8657227    2515.3237305    2555.7531738  
3540.0      4461.8232422    2519.4392090    2556.3505859  
3560.0      4472.7812500    2523.5546875    2556.9482422  
3580.0      4483.7392578    2527.6704102    2557.5456543  
3600.0      4494.6977539    2531.7856445    2558.1433105  
3620.0      4505.6557617    2535.9011230    2558.7407227  
3640.0      4516.6132812    2540.0166016    2559.3381348  
3660.0      4527.5708008    2544.1320801    2559.9355469  
3680.0      4538.5292969    2548.2478027    2560.5332031  
3700.0      4549.4868164    2552.3632812    2561.1306152  
3720.0      4560.4448242    2556.4785156    2561.7282715  
3740.0      4571.4028320    2560.5942383    2562.3256836  
3760.0      4582.3608398    2564.7097168    2562.9233398  
3780.0      4593.3188477    2568.8251953    2563.5207520  
3800.0      4604.2768555    2572.9406738    2564.1181641  
3820.0      4615.2343750    2577.0559082    2564.7158203  
3840.0      4626.1923828    2581.1716309    2565.3132324  
3860.0      4637.1503906    2585.2873535    2565.9106445  
3880.0      4648.1083984    2589.4028320    2566.5083008  
3900.0      4659.0664062    2593.5180664    2567.1057129  
3920.0      4670.0244141    2597.6335449    2567.7031250  
3940.0      4680.9824219    2601.7492676    2568.3007812  
3960.0      4691.9399414    2605.8647461    2568.8981934  
3980.0      4702.8979492    2609.9799805    2569.4956055  
4000.0      4713.8559570    2614.0954590    2570.0932617  
4020.0      4726.2338867    2619.1298828    2570.6906738  
4040.0      4738.6118164    2624.1640625    2571.2883301  
4060.0      4750.9887695    2629.1982422    2571.8857422  
4080.0      4763.3666992    2634.2324219    2572.4831543  
4100.0      4775.7441406    2639.2666016    2573.0805664  
4120.0      4788.1220703    2644.3007812    2573.6782227  
4140.0      4800.4995117    2649.3349609    2574.2756348  
4160.0      4812.8774414    2654.3691406    2574.8732910  
4180.0      4825.2553711    2659.4033203    2575.4707031  
4200.0      4837.6328125    2664.4375000    2576.0683594  
4220.0      4850.0102539    2669.4716797    2576.6657715  
4240.0      4862.3881836    2674.5058594    2577.2631836  
4260.0      4874.7656250    2679.5400391    2577.8608398  
4280.0      4887.1430664    2684.5742188    2578.4582520  
4300.0      4899.5209961    2689.6086426    2579.0556641  
4320.0      4911.8989258    2694.6428223    2579.6533203  
4340.0      4924.2763672    2699.6770020    2580.2507324  
4360.0      4936.6538086    2704.7111816    2580.8481445  
4380.0      4949.0317383    2709.7453613    2581.4458008  
4400.0      4961.4091797    2714.7795410    2582.0432129  
4420.0      4973.7871094    2719.8139648    2582.6406250  
4440.0      4986.1645508    2724.8479004    2583.2382812  
4460.0      4998.5419922    2729.8823242    2583.8356934  
4480.0      5010.9204102    2734.9162598    2584.4333496  
4500.0      5023.2978516    2739.9504395    2585.0307617  
4520.0      5038.2128906    2750.2006836    2585.6281738  
4540.0      5053.1279297    2760.4511719    2586.2258301  
4560.0      5068.0424805    2770.7009277    2586.8232422  
4580.0      5082.9575195    2780.9514160    2587.4206543  
4600.0      5097.8720703    2791.2014160    2588.0180664  
4620.0      5112.7871094    2801.4516602    2588.6157227  
4640.0      5127.7026367    2811.7016602    2589.2133789  
4660.0      5142.6171875    2821.9521484    2589.8105469  
4680.0      5157.5327148    2832.2023926    2590.4082031  
4700.0      5172.4472656    2842.4523926    2591.0058594  
4720.0      5187.3623047    2852.7026367    2591.6032715  
4740.0      5202.2773438    2862.9531250    2592.2006836  
4760.0      5217.1928711    2873.2031250    2592.7983398  
4780.0      5232.1074219    2883.4531250    2593.3957520  
4800.0      5247.0219727    2893.7036133    2593.9931641  
4820.0      5261.9375000    2903.9536133    2594.5908203  
4840.0      5276.8520508    2914.2041016    2595.1882324  
4860.0      5291.7670898    2924.4541016    2595.7856445  
4880.0      5306.6826172    2934.7043457    2596.3833008  
4900.0      5321.5976562    2944.9543457    2596.9807129  
4920.0      5336.5122070    2955.2048340    2597.5781250  
4940.0      5351.4272461    2965.4548340    2598.1757812  
4960.0      5366.3422852    2975.7050781    2598.7731934  
4980.0      5381.2568359    2985.9555664    2599.3706055  
5000.0      5396.1718750    2996.2055664    2599.9682617  
