# CI_WTT2 -118.25502177 33.94893114
# 
# Depth (m)   Vp (m/s)        Vs(m/s)      Density(kg/m3)
   0.0       404.7470093     160.4799957    1928.9095459  
  20.0      1163.5000000     355.0065308    2048.7165527  
  40.0      1299.9000244     416.6700134    2070.2541504  
  60.0      1310.3677979     482.2000122    2071.9069824  
  80.0      1293.5432129     526.3900146    2069.2504883  
 100.0      1273.3958740     559.8800049    2066.0693359  
 120.0      1256.7905273     584.2700195    2063.4472656  
 140.0      1248.8756104     602.5700073    2062.1975098  
 160.0      1253.2593994     513.7333984    2062.8896484  
 180.0      1272.0837402     523.6181641    2065.8620605  
 200.0      1306.0880127     541.5947876    2071.2312012  
 220.0      1348.1219482     564.0276489    2077.8684082  
 240.0      1387.6865234     585.3517456    2084.1157227  
 260.0      1425.1148682     605.7071533    2090.0256348  
 280.0      1460.6752930     625.2083740    2095.6406250  
 300.0      1494.5823975     643.9468994    2100.9946289  
 320.0      1527.0177002     662.0013428    2106.1162109  
 340.0      1558.1309814     679.4368286    2111.0288086  
 360.0      1588.0482178     696.3085938    2115.7529297  
 380.0      1616.8790283     712.6647339    2120.3051758  
 400.0      1644.7169189     728.5469971    2124.7006836  
 420.0      1671.6425781     743.9913940    2128.9523926  
 440.0      1697.7286377     759.0303345    2133.0712891  
 460.0      1723.0363770     773.6916504    2137.0673828  
 480.0      1747.6212158     788.0003052    2140.9494629  
 500.0      1771.5346680     801.9799805    2144.7253418  
 520.0      1794.8179932     815.6491089    2148.4018555  
 540.0      1817.5124512     829.0271606    2151.9853516  
 560.0      1839.6542969     842.1304932    2155.4814453  
 580.0      1861.2755127     854.9743652    2158.8955078  
 600.0      1882.4056396     867.5720215    2162.2319336  
 620.0      1903.0718994     879.9364624    2165.4951172  
 640.0      1923.2988281     892.0791626    2168.6889648  
 660.0      1943.1094971     904.0111084    2171.8168945  
 680.0      1962.5233154     915.7412109    2174.8823242  
 700.0      1981.5607910     927.2796021    2177.8884277  
 720.0      2000.2398682     938.6344604    2180.8378906  
 740.0      2018.5755615     949.8130493    2183.7331543  
 760.0      2036.5843506     960.8229980    2186.5766602  
 780.0      2054.2800293     971.6715088    2189.3708496  
 800.0      2071.6757812     982.3643799    2192.1176758  
 820.0      2088.7854004     992.9088745    2194.8193359  
 840.0      2378.8068848    1218.7644043    2221.1796875  
 860.0      2387.0004883    1225.6151123    2223.1909180  
 880.0      2395.1003418    1232.4182129    2225.1713867  
 900.0      2403.1093750    1239.1749268    2227.1218262  
 920.0      2411.0322266    1245.8874512    2229.0437012  
 940.0      2418.8710938    1252.5572510    2230.9382324  
 960.0      2426.6289062    1259.1851807    2232.8059082  
 980.0      2434.3083496    1265.7729492    2234.6477051  
1000.0      2441.9128418    1272.3218994    2236.4645996  
1020.0      2450.1650391    1279.8347168    2238.2575684  
1040.0      2458.3466797    1287.3107910    2240.0273438  
1060.0      2466.4594727    1294.7512207    2241.7744141  
1080.0      2474.5065918    1302.1572266    2243.4997559  
1100.0      2482.4895020    1309.5301514    2245.2038574  
1120.0      2490.4096680    1316.8699951    2246.8874512  
1140.0      2498.2697754    1324.1783447    2248.5512695  
1160.0      2506.0715332    1331.4560547    2250.1955566  
1180.0      2513.8156738    1338.7033691    2251.8210449  
1200.0      2521.5051270    1345.9222412    2253.4287109  
1220.0      2529.1403809    1353.1123047    2255.0183105  
1240.0      2536.7233887    1360.2744141    2256.5905762  
1260.0      2544.2553711    1367.4097900    2258.1459961  
1280.0      2551.7377930    1374.5186768    2259.6853027  
1300.0      2559.1716309    1381.6019287    2261.2082520  
1320.0      2566.5585938    1388.6601562    2262.7160645  
1340.0      2573.8996582    1395.6938477    2264.2087402  
1360.0      2581.1958008    1402.7033691    2265.6865234  
1380.0      2588.4482422    1409.6896973    2267.1499023  
1400.0      2595.6582031    1416.6531982    2268.5991211  
1420.0      2602.8264160    1423.5939941    2270.0346680  
1440.0      2609.9538574    1430.5128174    2271.4567871  
1460.0      2617.0415039    1437.4105225    2272.8657227  
1480.0      2624.0903320    1444.2871094    2274.2619629  
1500.0      2631.1015625    1451.1433105    2275.6457520  
1520.0      2640.3847656    1457.8922119    2277.0173340  
1540.0      2649.6323242    1464.6213379    2278.3767090  
1560.0      2658.8439941    1471.3311768    2279.7243652  
1580.0      2668.0212402    1478.0222168    2281.0607910  
1600.0      2677.1643066    1484.6947021    2282.3859863  
1620.0      2686.2734375    1491.3487549    2283.6999512  
1640.0      2695.3508301    1497.9852295    2285.0034180  
1660.0      2704.3957520    1504.6042480    2286.2961426  
1680.0      2713.4091797    1511.2056885    2287.5786133  
1700.0      2722.3923340    1517.7905273    2288.8508301  
1720.0      2731.3452148    1524.3590088    2290.1135254  
1740.0      2740.2683105    1530.9108887    2291.3659668  
1760.0      2749.1625977    1537.4467773    2292.6088867  
1780.0      2758.0285645    1543.9674072    2293.8427734  
1800.0      2766.8659668    1550.4720459    2295.0671387  
1820.0      2775.6762695    1556.9617920    2296.2824707  
1840.0      2784.4602051    1563.4366455    2297.4892578  
1860.0      2793.2175293    1569.8969727    2298.6870117  
1880.0      2801.9484863    1576.3426514    2299.8764648  
1900.0      2810.6542969    1582.7742920    2301.3752441  
1920.0      2819.3349609    1589.1920166    2302.9003906  
1940.0      2827.9907227    1595.5958252    2304.4150391  
1960.0      2836.6230469    1601.9865723    2305.9196777  
1980.0      2845.2309570    1608.3636475    2307.4138184  
2000.0      2853.8159180    1614.7279053    2308.8979492  
2020.0      2864.9052734    1622.1640625    2310.3723145  
2040.0      2875.9726562    1629.5875244    2311.8369141  
2060.0      2887.0170898    1636.9982910    2313.2919922  
2080.0      2898.0397949    1644.3968506    2314.7375488  
2100.0      2909.0412598    1651.7835693    2316.1743164  
2120.0      2920.0209961    1659.1578369    2317.6013184  
2140.0      2930.9802246    1669.0545654    2319.0197754  
2160.0      2941.9191895    1680.3063965    2320.4296875  
2180.0      2952.8376465    1691.5245361    2321.8303223  
2200.0      2963.7360840    1702.7117920    2323.2226562  
2220.0      2974.6154785    1713.8688965    2324.6069336  
2240.0      2985.4746094    1724.9936523    2325.9824219  
2260.0      2996.3151855    1736.0888672    2327.3498535  
2280.0      3007.1367188    1747.1547852    2328.7094727  
2300.0      3017.9396973    1758.1900635    2330.0607910  
2320.0      3028.7250977    1769.1981201    2331.4047852  
2340.0      3039.4926758    1780.1767578    2332.7407227  
2360.0      3050.2419434    1791.1264648    2334.0690918  
2380.0      3060.9743652    1802.0496826    2335.3901367  
2400.0      3071.6892090    1812.9447021    2336.7038574  
2420.0      3082.3869629    1823.8128662    2338.0102539  
2440.0      3095.5065918    1834.6539307    2339.3093262  
2460.0      3111.3410645    1845.4683838    2340.6013184  
2480.0      3127.1333008    1856.2578125    2341.8867188  
2500.0      3142.8793945    1867.0195312    2343.1645508  
2520.0      3152.6306152    1871.9436035    2344.4360352  
2540.0      3162.3386230    1876.8422852    2345.7006836  
2560.0      3172.0048828    1881.7163086    2346.9589844  
2580.0      3181.6298828    1886.5656738    2348.2104492  
2600.0      3191.2138672    1891.3907471    2349.4555664  
2620.0      3200.7575684    1896.1918945    2350.6943359  
2640.0      3210.2612305    1900.9688721    2351.9265137  
2660.0      3219.7260742    1905.7231445    2353.1528320  
2680.0      3229.1520996    1910.4541016    2354.3730469  
2700.0      3238.5393066    1915.1619873    2355.5869141  
2720.0      3247.8891602    1919.8476562    2356.7951660  
2740.0      3257.2009277    1924.5104980    2357.9973145  
2760.0      3266.4765625    1929.1516113    2359.1936035  
2780.0      3275.7148438    1933.7705078    2360.3840332  
2800.0      3284.9174805    1938.3681641    2361.5690918  
2820.0      3294.0852051    1942.9447021    2362.7482910  
2840.0      3303.2165527    1947.4993896    2363.9218750  
2860.0      3312.3134766    1952.0335693    2365.0900879  
2880.0      3321.3762207    1956.5472412    2366.2529297  
2900.0      3330.4047852    1961.0401611    2367.4101562  
2920.0      3339.3999023    1965.5129395    2368.5622559  
2940.0      3348.3615723    1969.9660645    2369.7092285  
2960.0      3357.2900391    1974.3988037    2370.8508301  
2980.0      3366.1865234    1978.8121338    2371.9873047  
3000.0      3375.0510254    1983.2062988    2373.1186523  
3020.0      3382.2299805    1986.5579834    2374.2451172  
3040.0      3389.3771973    1989.8906250    2375.3666992  
3060.0      3396.4934082    1993.2042236    2376.4831543  
3080.0      3403.5788574    1996.4992676    2377.5947266  
3100.0      3410.6345215    1999.7762451    2378.7016602  
3120.0      3417.6594238    2003.0350342    2379.8039551  
3140.0      3424.6547852    2006.2753906    2380.9013672  
3160.0      3431.6206055    2009.4980469    2381.9941406  
3180.0      3438.5571289    2012.7026367    2383.0822754  
3200.0      3445.4650879    2015.8901367    2384.1660156  
3220.0      3452.3447266    2019.0601807    2385.2451172  
3240.0      3459.1955566    2022.2131348    2386.3198242  
3260.0      3466.0190430    2025.3491211    2387.3901367  
3280.0      3472.8144531    2028.4681396    2388.4560547  
3300.0      3479.5827637    2031.5703125    2389.5175781  
3320.0      3486.3237305    2034.6561279    2390.5749512  
3340.0      3493.0375977    2037.7250977    2391.6279297  
3360.0      3499.7253418    2040.7783203    2392.6767578  
3380.0      3506.3867188    2043.8151855    2393.7214355  
3400.0      3513.0217285    2046.8364258    2394.7622070  
3420.0      3519.6315918    2049.8417969    2395.7985840  
3440.0      3526.2155762    2052.8315430    2396.8310547  
3460.0      3532.7744141    2055.8056641    2397.8596191  
3480.0      3539.3076172    2058.7644043    2398.8842773  
3500.0      3545.8166504    2061.7077637    2399.9047852  
3520.0      3551.2604980    2064.4094238    2400.9216309  
3540.0      3556.6796875    2067.0959473    2401.9345703  
3560.0      3562.0747070    2069.7673340    2402.9436035  
3580.0      3567.4465332    2072.4245605    2403.9489746  
3600.0      3572.7941895    2075.0668945    2404.9504395  
3620.0      3578.1186523    2077.6950684    2405.9484863  
3640.0      3583.4196777    2080.3085938    2406.9426270  
3660.0      3588.6982422    2082.9084473    2407.9333496  
3680.0      3593.9531250    2085.4931641    2408.9201660  
3700.0      3599.1857910    2088.0646973    2409.9035645  
3720.0      3604.3957520    2090.6220703    2410.8835449  
3740.0      3609.5849609    2093.1667480    2411.8601074  
3760.0      3614.7514648    2095.6972656    2412.8330078  
3780.0      3619.8940430    2098.2128906    2413.8022461  
3800.0      3625.0180664    2100.7170410    2414.7685547  
3820.0      3630.1181641    2103.2062988    2415.7309570  
3840.0      3635.1982422    2105.6833496    2416.6904297  
3860.0      3640.2578125    2108.1477051    2417.6464844  
3880.0      3645.2946777    2110.5974121    2418.5988770  
3900.0      3650.3122559    2113.0354004    2419.5483398  
3920.0      3655.3100586    2115.4614258    2420.4946289  
3940.0      3660.2856445    2117.8735352    2421.4375000  
3960.0      3665.2419434    2120.2736816    2422.3774414  
3980.0      3670.1789551    2122.6616211    2423.3139648  
4000.0      3675.0944824    2125.0358887    2424.2473145  
4020.0      3682.9335938    2128.4377441    2425.1779785  
4040.0      3690.7521973    2131.8261719    2426.1052246  
4060.0      3698.5500488    2135.2016602    2427.0292969  
4080.0      3706.3298340    2138.5659180    2427.9504395  
4100.0      3714.0905762    2141.9182129    2428.8686523  
4120.0      3721.8325195    2145.2590332    2429.7839355  
4140.0      3729.5556641    2148.5881348    2430.6962891  
4160.0      3737.2602539    2151.9050293    2431.6054688  
4180.0      3744.9467773    2155.2109375    2432.5119629  
4200.0      3752.6147461    2158.5056152    2433.4155273  
4220.0      3760.2644043    2161.7885742    2434.3161621  
4240.0      3767.8964844    2165.0605469    2435.2141113  
4260.0      3775.5102539    2168.3208008    2436.1091309  
4280.0      3783.1064453    2171.5703125    2437.0014648  
4300.0      3790.6855469    2174.8088379    2437.8908691  
4320.0      3798.2468262    2178.0366211    2438.7775879  
4340.0      3805.7907715    2181.2529297    2439.6616211  
4360.0      3813.3173828    2184.4584961    2440.5427246  
4380.0      3820.8271484    2187.6535645    2441.4213867  
4400.0      3828.3200684    2190.8378906    2442.2971191  
4420.0      3835.7961426    2194.0117188    2443.1704102  
4440.0      3843.2558594    2197.1752930    2444.0410156  
4460.0      3850.6984863    2200.3283691    2444.9091797  
4480.0      3858.1252441    2203.4704590    2445.7744141  
4500.0      3865.5351562    2206.6027832    2446.6372070  
4520.0      3874.9255371    2211.6147461    2447.4975586  
4540.0      3884.3002930    2216.6166992    2448.3554688  
4560.0      3893.6584473    2221.6083984    2449.2106934  
4580.0      3903.0009766    2226.5900879    2450.0634766  
4600.0      3912.3278809    2231.5617676    2450.9135742  
4620.0      3921.6394043    2236.5236816    2451.7614746  
4640.0      3930.9350586    2241.4758301    2452.6069336  
4660.0      3940.2155762    2246.4182129    2453.4497070  
4680.0      3949.4809570    2251.3510742    2454.2902832  
4700.0      3958.7309570    2256.2739258    2455.1284180  
4720.0      3967.9660645    2261.1879883    2455.9643555  
4740.0      3977.1862793    2266.0915527    2456.7976074  
4760.0      3986.3916016    2270.9863281    2457.6286621  
4780.0      3995.5817871    2275.8715820    2458.4575195  
4800.0      4004.7580566    2280.7478027    2459.2839355  
4820.0      4013.9199219    2285.6147461    2460.1079102  
4840.0      4023.0666504    2290.4724121    2460.9299316  
4860.0      4032.1989746    2295.3205566    2461.7495117  
4880.0      4041.3181152    2300.1604004    2462.5668945  
4900.0      4050.4221191    2304.9904785    2463.3818359  
4920.0      4059.5126953    2309.8120117    2464.1948242  
4940.0      4068.5893555    2314.6250000    2465.0056152  
4960.0      4077.6516113    2319.4289551    2465.8142090  
4980.0      4086.7004395    2324.2241211    2466.6206055  
5000.0      4109.2333984    2338.9218750    2469.5559082  
