# CE_13894 -117.92151033 33.78909303
# 
# Depth (m)   Vp (m/s)        Vs(m/s)      Density(kg/m3)
   0.0       413.3687439     152.6457825    1930.2708740  
  20.0      1248.2275391     399.9690552    2062.0952148  
  40.0      1299.0915527     425.9644775    2070.1264648  
  60.0      1311.9327393     482.2000122    2072.1542969  
  80.0      1302.8671875     526.3900146    2070.7226562  
 100.0      1297.8593750     559.8800049    2069.9321289  
 120.0      1304.1126709     584.2700195    2070.9194336  
 140.0      1326.5465088     602.5700073    2074.4616699  
 160.0      1368.0446777     574.7402344    2081.0141602  
 180.0      1429.5938721     608.1549072    2090.7329102  
 200.0      1510.4222412     651.3200073    2103.4956055  
 220.0      1559.1188965     651.3200073    2111.1848145  
 240.0      1604.9483643     681.7999878    2118.4213867  
 260.0      1648.3012695     681.7999878    2125.2668457  
 280.0      1689.4854736     681.7999878    2131.7697754  
 300.0      1728.7542725     681.7999878    2137.9702148  
 320.0      1766.3160400     798.9240112    2143.9013672  
 340.0      1802.3450928     820.0802612    2149.5903320  
 360.0      1836.9873047     840.5495605    2155.0603027  
 380.0      1870.3713379     860.3914795    2160.3315430  
 400.0      1902.6033936     879.6556396    2165.4211426  
 420.0      1933.7790527     898.3867188    2170.3437500  
 440.0      1963.9803467     916.6232300    2175.1125488  
 460.0      1993.2812500     934.4005737    2179.7392578  
 480.0      2021.7448730     951.7481689    2184.2333984  
 500.0      2049.4287109     968.6943359    2188.6047363  
 520.0      2076.3842773     985.2634277    2192.8610840  
 540.0      2045.0400391    1064.3238525    2220.8200684  
 560.0      2059.6279297    1073.0860596    2223.9316406  
 580.0      2073.9936523    1081.7354736    2226.9699707  
 600.0      2088.1499023    1090.2777100    2229.9396973  
 620.0      2102.1083984    1098.7186279    2232.8437500  
 640.0      2115.8793945    1107.0629883    2235.6860352  
 660.0      2129.4733887    1115.3159180    2238.4702148  
 680.0      2142.8979492    1123.4809570    2241.1982422  
 700.0      2156.1621094    1131.5623779    2243.8732910  
 720.0      2169.2734375    1139.5642090    2246.4980469  
 740.0      2182.2382812    1147.4892578    2249.0744629  
 760.0      2195.0637207    1155.3411865    2251.6052246  
 780.0      2207.7561035    1163.1226807    2254.0917969  
 800.0      2220.3203125    1170.8367920    2256.5361328  
 820.0      2232.7619629    1178.4858398    2258.9399414  
 840.0      2245.0869141    1186.0727539    2261.3054199  
 860.0      2257.2973633    1193.5987549    2263.6333008  
 880.0      2269.4001465    1201.0672607    2265.9255371  
 900.0      2281.3989258    1208.4796143    2268.1833496  
 920.0      2293.2963867    1215.8380127    2270.4082031  
 940.0      2305.0971680    1223.1440430    2272.6005859  
 960.0      2316.8041992    1230.3994141    2274.7622070  
 980.0      2328.4204102    1237.6059570    2276.8940430  
1000.0      2339.9494629    1244.7650146    2278.9970703  
1020.0      2352.2050781    1253.2698975    2281.0725098  
1040.0      2364.3776855    1261.7297363    2283.1206055  
1060.0      2376.4719238    1270.1466064    2285.1428223  
1080.0      2388.4892578    1278.5214844    2287.1398926  
1100.0      2400.4326172    1286.8555908    2289.1120605  
1120.0      2412.3037109    1295.1501465    2291.0607910  
1140.0      2424.1049805    1303.4061279    2292.9863281  
1160.0      2435.8381348    1311.6246338    2294.8896484  
1180.0      2447.5058594    1319.8067627    2296.7709961  
1200.0      2459.1088867    1327.9532471    2298.6313477  
1220.0      2470.6499023    1336.0651855    2300.6127930  
1240.0      2482.1303711    1344.1434326    2302.9797363  
1260.0      2493.5517578    1352.1888428    2305.3215332  
1280.0      2504.9157715    1360.2020264    2307.6384277  
1300.0      2516.2236328    1368.1840820    2309.9316406  
1320.0      2527.4765625    1376.1352539    2312.2011719  
1340.0      2538.6767578    1384.0568848    2314.4479980  
1360.0      2549.8254395    1391.9493408    2316.6726074  
1380.0      2560.9230957    1401.9479980    2318.8754883  
1400.0      2571.9711914    1415.8205566    2321.0571289  
1420.0      2582.9714355    1429.6171875    2323.2182617  
1440.0      2593.9245605    1443.3388672    2325.3591309  
1460.0      2604.8317871    1456.9876709    2327.4802246  
1480.0      2615.6936035    1470.5648193    2329.5820312  
1500.0      2626.5117188    1484.0721436    2331.6650391  
1520.0      2634.1552734    1494.2332764    2333.7297363  
1540.0      2641.7563477    1504.3265381    2335.7761230  
1560.0      2649.3166504    1514.3548584    2337.8051758  
1580.0      2661.3051758    1524.3181152    2339.8166504  
1600.0      2676.7675781    1534.2180176    2341.8112793  
1620.0      2692.1254883    1544.0563965    2343.7895508  
1640.0      2707.3808594    1553.8341064    2345.7514648  
1660.0      2722.5354004    1563.5522461    2347.6977539  
1680.0      2737.5913086    1573.2114258    2349.6281738  
1700.0      2752.5510254    1582.8132324    2351.5434570  
1720.0      2767.4155273    1592.3585205    2353.4436035  
1740.0      2782.1870117    1601.8487549    2355.3293457  
1760.0      2796.8679199    1611.2845459    2357.2004395  
1780.0      2811.4584961    1620.6666260    2359.0576172  
1800.0      2825.9621582    1629.9965820    2360.9008789  
1820.0      2840.3793945    1639.2747803    2362.7304688  
1840.0      2854.7119141    1648.5023193    2364.5468750  
1860.0      2868.9619141    1657.6802979    2366.3500977  
1880.0      2883.1296387    1666.8082275    2368.1401367  
1900.0      2897.2177734    1675.8887939    2369.9179688  
1920.0      2911.2270508    1684.9217529    2371.6831055  
1940.0      2925.1589355    1693.9079590    2373.4360352  
1960.0      2939.0148926    1702.8485107    2375.1772461  
1980.0      2952.7956543    1711.7432861    2376.9062500  
2000.0      2966.5034180    1720.5942383    2378.6240234  
2020.0      2981.1127930    1729.9799805    2380.3300781  
2040.0      2995.6511230    1739.3231201    2382.0251465  
2060.0      3010.1193848    1748.6232910    2383.7089844  
2080.0      3812.5466309    2320.4724121    2509.8117676  
2100.0      3825.7375488    2327.6755371    2511.2939453  
2120.0      3838.8759766    2334.8483887    2512.7678223  
2140.0      3851.9628906    2341.9914551    2514.2336426  
2160.0      3864.9990234    2349.1052246    2515.6914062  
2180.0      3877.9848633    2356.1899414    2517.1413574  
2200.0      3890.9213867    2363.2463379    2518.5834961  
2220.0      3903.8107910    2370.2751465    2520.0180664  
2240.0      3916.6491699    2377.2749023    2521.4445801  
2260.0      3929.4416504    2384.2480469    2522.8640137  
2280.0      3942.1882324    2391.1945801    2524.2758789  
2300.0      3954.8881836    2398.1140137    2525.6806641  
2320.0      3967.5439453    2405.0083008    2527.0783691  
2340.0      3980.1538086    2411.8757324    2528.4689941  
2360.0      3992.7197266    2418.7180176    2529.8525391  
2380.0      4005.2431641    2425.5358887    2531.2292480  
2400.0      4017.7233887    2432.3286133    2532.5993652  
2420.0      4030.1618652    2439.0971680    2533.9626465  
2440.0      4042.5598145    2445.8425293    2535.3198242  
2460.0      4054.9133301    2452.5622559    2536.6699219  
2480.0      4067.2280273    2459.2592773    2538.0136719  
2500.0      4079.5014648    2465.9328613    2539.3510742  
2520.0      4084.2116699    2464.9819336    2540.6826172  
2540.0      4088.8815918    2464.0075684    2542.0078125  
2560.0      4093.5129395    2463.0107422    2543.3269043  
2580.0      4098.1059570    2461.9921875    2544.6398926  
2600.0      4102.6616211    2460.9519043    2545.9470215  
2620.0      4107.1801758    2459.8901367    2547.2482910  
2640.0      4111.6621094    2458.8071289    2548.5439453  
2660.0      4116.1074219    2457.7033691    2549.8337402  
2680.0      4120.5180664    2456.5793457    2551.1179199  
2700.0      4124.8925781    2455.4345703    2552.3964844  
2720.0      4129.2324219    2454.2692871    2553.6694336  
2740.0      4133.5361328    2453.0837402    2554.9370117  
2760.0      4137.8110352    2451.8811035    2556.1997070  
2780.0      4142.0458984    2450.6557617    2557.4562988  
2800.0      4146.2490234    2449.4118652    2558.7077637  
2820.0      4150.4238281    2448.1516113    2559.9548340  
2840.0      4154.5625000    2446.8706055    2561.1960449  
2860.0      4158.6660156    2445.5693359    2562.4318848  
2880.0      4162.7441406    2444.2531738    2563.6635742  
2900.0      4166.7866211    2442.9169922    2564.8896484  
2920.0      4170.7958984    2441.5610352    2566.1105957  
2940.0      4174.7768555    2440.1889648    2567.3271484  
2960.0      4178.7314453    2438.8012695    2568.5393066  
2980.0      4182.6503906    2437.3933105    2569.7458496  
3000.0      4186.5410156    2435.9694824    2570.9482422  
3020.0      4189.3305664    2433.2534180    2572.1457520  
3040.0      4192.0893555    2430.5195312    2573.3383789  
3060.0      4194.8198242    2427.7692871    2574.5268555  
3080.0      4197.5224609    2425.0034180    2575.7106934  
3100.0      4200.1962891    2422.2204590    2576.8901367  
3120.0      4202.8422852    2419.4218750    2578.0651855  
3140.0      4205.4599609    2416.6069336    2579.2358398  
3160.0      4208.0507812    2413.7761230    2580.4018555  
3180.0      4210.6142578    2410.9294434    2581.5639648  
3200.0      4213.1513672    2408.0676270    2582.7216797  
3220.0      4215.6611328    2405.1904297    2583.8752441  
3240.0      4218.1450195    2402.2978516    2585.0244141  
3260.0      4220.6025391    2399.3901367    2586.1699219  
3280.0      4223.0346680    2396.4677734    2587.3110352  
3300.0      4225.4404297    2393.5300293    2588.4482422  
3320.0      4227.8212891    2390.5783691    2589.5812988  
3340.0      4230.1767578    2387.6120605    2590.7104492  
3360.0      4232.5073242    2384.6308594    2591.8354492  
3380.0      4234.8134766    2381.6357422    2592.9570312  
3400.0      4237.0952148    2378.6264648    2594.0742188  
3420.0      4239.3525391    2375.6035156    2595.1879883  
3440.0      4241.5864258    2372.5668945    2596.2978516  
3460.0      4243.7963867    2369.5163574    2597.4040527  
3480.0      4245.9843750    2366.4528809    2598.5068359  
3500.0      4248.1455078    2363.3740234    2599.6049805  
3520.0      4272.4306641    2379.3291016    2600.7001953  
3540.0      4296.6928711    2395.2714844    2601.7919922  
3560.0      4320.9311523    2411.1992188    2602.8793945  
3580.0      4345.1474609    2427.1149902    2603.9638672  
3600.0      4369.3417969    2443.0173340    2605.0446777  
3620.0      4393.5146484    2458.9077148    2606.1220703  
3640.0      4417.6640625    2474.7846680    2607.1958008  
3660.0      4441.7929688    2490.6499023    2608.2661133  
3680.0      4465.9003906    2506.5021973    2609.3332520  
3700.0      4489.9853516    2522.3420410    2610.3969727  
3720.0      4514.0502930    2538.1699219    2611.4572754  
3740.0      4538.0927734    2553.9851074    2612.5141602  
3760.0      4562.1157227    2569.7888184    2613.5678711  
3780.0      4586.1176758    2585.5805664    2614.6181641  
3800.0      4610.0991211    2601.3603516    2615.6655273  
3820.0      4634.0605469    2617.1289062    2616.7094727  
3840.0      4658.0024414    2632.8854980    2617.7504883  
3860.0      4681.9228516    2648.6301270    2618.7880859  
3880.0      4205.1962891    2277.2104492    2540.7734375  
3900.0      4226.9785156    2293.1926270    2541.4733887  
3920.0      4248.7622070    2309.1750488    2542.1733398  
3940.0      4270.5454102    2325.1579590    2542.8735352  
3960.0      4292.3281250    2341.1401367    2543.5734863  
3980.0      4314.1113281    2357.1223145    2544.2736816  
4000.0      4335.8945312    2373.1047363    2544.9736328  
4020.0      4342.9736328    2374.3056641    2545.6738281  
4040.0      4350.0537109    2375.5065918    2546.3740234  
4060.0      4357.1328125    2376.7072754    2547.0739746  
4080.0      4364.2128906    2377.9082031    2547.7739258  
4100.0      4371.2924805    2379.1088867    2548.4741211  
4120.0      4378.3715820    2380.3095703    2549.1743164  
4140.0      4385.4511719    2381.5104980    2549.8742676  
4160.0      4392.5312500    2382.7114258    2550.5744629  
4180.0      4399.6103516    2383.9121094    2551.2744141  
4200.0      4406.6899414    2385.1130371    2551.9746094  
4220.0      4413.7695312    2386.3137207    2552.6745605  
4240.0      4420.8491211    2387.5146484    2553.3745117  
4260.0      4427.9287109    2388.7150879    2554.0747070  
4280.0      4435.0083008    2389.9162598    2554.7749023  
4300.0      4442.0874023    2391.1166992    2555.4748535  
4320.0      4449.1674805    2392.3178711    2556.1750488  
4340.0      4456.2465820    2393.5185547    2556.8750000  
4360.0      4463.3266602    2394.7192383    2557.5751953  
4380.0      4470.4057617    2395.9201660    2558.2751465  
4400.0      4477.4853516    2397.1208496    2558.9750977  
4420.0      4484.5649414    2398.3215332    2559.6752930  
4440.0      4491.6445312    2399.5222168    2560.3754883  
4460.0      4498.7241211    2400.7233887    2561.0754395  
4480.0      4505.8037109    2401.9240723    2561.7756348  
4500.0      4512.8833008    2403.1247559    2562.4755859  
4520.0      4523.8642578    2411.1672363    2563.1757812  
4540.0      4534.8452148    2419.2097168    2563.8757324  
4560.0      4545.8261719    2427.2521973    2564.5756836  
4580.0      4556.8071289    2435.2944336    2565.2758789  
4600.0      4567.7880859    2443.3369141    2565.9760742  
4620.0      4578.7695312    2451.3789062    2566.6760254  
4640.0      4589.7500000    2459.4216309    2567.3759766  
4660.0      4600.7314453    2467.4638672    2568.0761719  
4680.0      4611.7119141    2475.5063477    2568.7761230  
4700.0      4622.6933594    2483.5488281    2569.4763184  
4720.0      4633.6743164    2491.5913086    2570.1762695  
4740.0      4644.6552734    2499.6335449    2570.8764648  
4760.0      4655.6367188    2507.6757812    2571.5766602  
4780.0      4666.6176758    2515.7182617    2572.2766113  
4800.0      4677.5986328    2523.7607422    2572.9768066  
4820.0      4688.5795898    2531.8029785    2573.6767578  
4840.0      4699.5605469    2539.8454590    2574.3769531  
4860.0      4710.5410156    2547.8879395    2575.0769043  
4880.0      4721.5224609    2555.9301758    2575.7770996  
4900.0      4732.5029297    2563.9726562    2576.4770508  
4920.0      4743.4838867    2572.0151367    2577.1772461  
4940.0      4754.4653320    2580.0573730    2577.8771973  
4960.0      4765.4458008    2588.0996094    2578.5771484  
4980.0      4776.4272461    2596.1420898    2579.2773438  
5000.0      4787.4082031    2604.1845703    2579.9775391  
