# CI_LAF -118.33132709 33.86886504
# 
# Depth (m)   Vp (m/s)        Vs(m/s)      Density(kg/m3)
   0.0       696.4910278     213.0000000    1974.9759521  
  20.0      1534.6899414     441.0000000    2107.3276367  
  40.0      1661.5500488     548.0000000    2127.3588867  
  60.0      1630.1865234     588.0000000    2122.4064941  
  80.0      1615.1932373     588.0000000    2120.0390625  
 100.0      1589.2615967     603.4699707    2115.9443359  
 120.0      1563.0723877     627.8599854    2111.8090820  
 140.0      1544.8515625     646.1400146    2108.9321289  
 160.0      1540.6003418     646.1400146    2108.2607422  
 180.0      1554.1528320     667.4799805    2110.4006348  
 200.0      1587.2336426     694.9099731    2115.6242676  
 220.0      1637.9913330     694.9099731    2123.6389160  
 240.0      1685.7840576     725.3900146    2131.1853027  
 260.0      1731.0114746     725.3900146    2138.3266602  
 280.0      1773.9901123     725.3900146    2145.1130371  
 300.0      1814.9818115     725.3900146    2151.5856934  
 320.0      1854.2011719     850.7665405    2157.7783203  
 340.0      1891.8269043     873.2033081    2163.7194824  
 360.0      1928.0146484     894.9161377    2169.4335938  
 380.0      1962.8901367     915.9633789    2174.9404297  
 400.0      1996.5705566     936.4013062    2180.2585449  
 420.0      2029.1503906     956.2742920    2185.4028320  
 440.0      2060.7160645     975.6244507    2190.3872070  
 460.0      2091.3444824     994.4882812    2195.2233887  
 480.0      1979.9401855     916.0828247    2223.0588379  
 500.0      1979.9329834     914.3232422    2226.5725098  
 520.0      1991.1228027     923.0279541    2229.9941406  
 540.0      2002.0506592     931.5981445    2233.3291016  
 560.0      2012.7333984     940.0419922    2236.5832520  
 580.0      2023.1840820     948.3659668    2239.7609863  
 600.0      2033.4167480     956.5766602    2242.8666992  
 620.0      2043.4428711     964.6795654    2245.9045410  
 640.0      2053.2731934     972.6801758    2248.8776855  
 660.0      2062.9189453     980.5836182    2251.7897949  
 680.0      2072.3879395     988.3941650    2254.6437988  
 700.0      2081.6896973     996.1159668    2257.4426270  
 720.0      2090.8312988    1003.7531738    2260.1887207  
 740.0      2099.8208008    1011.3090820    2262.8845215  
 760.0      2108.6643066    1018.7871094    2265.5322266  
 780.0      2117.3691406    1026.1910400    2268.1342773  
 800.0      2125.9399414    1033.5227051    2270.6921387  
 820.0      2134.3830566    1040.7857666    2273.2077637  
 840.0      2142.7036133    1047.9822998    2275.6831055  
 860.0      2150.9060059    1055.1151123    2278.1193848  
 880.0      2158.9948730    1062.1862793    2280.5180664  
 900.0      2166.9748535    1069.1979980    2282.8811035  
 920.0      2174.8493652    1076.1520996    2285.2094727  
 940.0      2182.6228027    1083.0510254    2287.5043945  
 960.0      2190.2983398    1089.8959961    2289.7666016  
 980.0      2197.8791504    1096.6890869    2291.9982910  
1000.0      2205.3686523    1103.4317627    2294.1994629  
1020.0      2212.8103027    1110.8126221    2296.3715820  
1040.0      2220.1665039    1118.1461182    2298.5158691  
1060.0      2227.4399414    1125.4338379    2300.8227539  
1080.0      2234.6333008    1132.6767578    2303.5415039  
1100.0      2241.7487793    1139.8765869    2306.2272949  
1120.0      2248.7895508    1147.0343018    2308.8806152  
1140.0      2255.7565918    1154.1511230    2311.5026855  
1160.0      2262.6530762    1161.2282715    2314.0942383  
1180.0      2269.4802246    1168.2662354    2316.6562500  
1200.0      2276.2412109    1178.2708740    2319.1896973  
1220.0      2282.9360352    1192.1679688    2321.6948242  
1240.0      2289.5678711    1205.9650879    2324.1728516  
1260.0      2296.1381836    1219.6655273    2326.6247559  
1280.0      2302.6481934    1233.2689209    2329.0505371  
1300.0      2309.0996094    1246.7800293    2331.4514160  
1320.0      2315.4941406    1260.1999512    2333.8276367  
1340.0      2321.8330078    1273.5314941    2336.1801758  
1360.0      2328.1176758    1286.7763672    2338.5095215  
1380.0      2342.8166504    1299.9360352    2340.8159180  
1400.0      2358.1379395    1313.0131836    2343.1003418  
1420.0      2373.3227539    1326.0089111    2345.3630371  
1440.0      2388.3735352    1338.9259033    2347.6047363  
1460.0      2403.2934570    1351.7648926    2349.8256836  
1480.0      2418.0859375    1364.5281982    2352.0266113  
1500.0      2432.7529297    1377.2169189    2354.2077637  
1520.0      2449.7431641    1390.3740234    2356.3696289  
1540.0      2466.6135254    1403.4595947    2358.5124512  
1560.0      2483.3676758    1416.4760742    2360.6372070  
1580.0      2517.4360352    1441.5834961    2365.4956055  
1600.0      2556.0661621    1469.9432373    2371.0744629  
1620.0      2593.5139160    1497.5483398    2376.4665527  
1640.0      2629.8840332    1524.4642334    2381.6884766  
1660.0      2665.2646484    1550.7460938    2386.7541504  
1680.0      2699.7336426    1576.4429932    2391.6760254  
1700.0      2733.3603516    1601.5983887    2396.4648438  
1720.0      2766.2043457    1626.2497559    2401.1298828  
1740.0      2798.3208008    1650.4318848    2405.6801758  
1760.0      2829.7578125    1674.1755371    2410.1232910  
1780.0      2860.5551758    1697.5051270    2414.4653320  
1800.0      2890.7556152    1720.4482422    2418.7131348  
1820.0      2920.3916016    1743.0251465    2422.8718262  
1840.0      2949.4990234    1765.2586670    2426.9467773  
1860.0      2978.1035156    1787.1657715    2430.9428711  
1880.0      3006.2316895    1808.7623291    2434.8632812  
1900.0      3033.9091797    1830.0649414    2438.7126465  
1920.0      3061.1569824    1851.0874023    2442.4941406  
1940.0      3087.9980469    1871.8439941    2446.2114258  
1960.0      3114.4453125    1892.3428955    2449.8666992  
1980.0      3140.5253906    1912.6011963    2453.4638672  
2000.0      3166.2485352    1932.6259766    2457.0046387  
2020.0      3197.8232422    1955.5668945    2460.4916992  
2040.0      3229.0722656    1978.2939453    2463.9272461  
2060.0      3260.0075684    2000.8146973    2467.3132324  
2080.0      3290.6425781    2023.1374512    2470.6518555  
2100.0      3320.9885254    2045.2697754    2473.9448242  
2120.0      3351.0554199    2067.2180176    2477.1938477  
2140.0      3380.8549805    2088.9895020    2480.4003906  
2160.0      3410.3950195    2110.5893555    2483.5661621  
2180.0      3439.6865234    2132.0249023    2486.6926270  
2200.0      3468.7358398    2153.3000488    2489.7810059  
2220.0      3497.5527344    2174.4206543    2492.8325195  
2240.0      3526.1435547    2195.3916016    2495.8483887  
2260.0      3554.5173340    2216.2180176    2498.8298340  
2280.0      3582.6784668    2235.0224609    2501.7778320  
2300.0      3610.6328125    2252.4750977    2504.6933594  
2320.0      3638.3898926    2269.8142090    2507.5773926  
2340.0      3665.9536133    2287.0412598    2510.4311523  
2360.0      3693.3291016    2304.1596680    2513.2548828  
2380.0      3720.5231934    2321.1735840    2516.0502930  
2400.0      3747.5397949    2338.0852051    2518.8176270  
2420.0      3774.3842773    2354.8972168    2521.5576172  
2440.0      3801.0605469    2371.6118164    2524.2712402  
2460.0      3827.5737305    2388.2324219    2526.9589844  
2480.0      3882.2634277    2421.1210938    2534.0959473  
2500.0      3982.1750488    2480.1181641    2548.3732910  
2520.0      4067.8730469    2528.6201172    2561.4841309  
2540.0      4189.2412109    2374.0170898    2580.2275391  
2560.0      4194.7065430    2376.3178711    2580.6696777  
2580.0      4200.1713867    2378.6186523    2581.1118164  
2600.0      4205.6372070    2380.9191895    2581.5541992  
2620.0      4211.1020508    2383.2199707    2581.9963379  
2640.0      4216.5678711    2385.5207520    2582.4384766  
2660.0      4222.0332031    2387.8215332    2582.8808594  
2680.0      4227.4990234    2390.1225586    2583.3229980  
2700.0      4232.9638672    2392.4233398    2583.7651367  
2720.0      4238.4296875    2394.7241211    2584.2075195  
2740.0      4243.8950195    2397.0246582    2584.6496582  
2760.0      4249.3598633    2399.3256836    2585.0917969  
2780.0      4254.8251953    2401.6262207    2585.5339355  
2800.0      4260.2905273    2403.9272461    2585.9760742  
2820.0      4265.7563477    2406.2280273    2586.4184570  
2840.0      4271.2211914    2408.5288086    2586.8605957  
2860.0      4276.6865234    2410.8295898    2587.3027344  
2880.0      4282.1518555    2413.1301270    2587.7451172  
2900.0      4287.6176758    2415.4311523    2588.1872559  
2920.0      4293.0830078    2417.7319336    2588.6293945  
2940.0      4298.5478516    2420.0329590    2589.0717773  
2960.0      4304.0131836    2422.3334961    2589.5139160  
2980.0      4309.4785156    2424.6342773    2589.9560547  
3000.0      4314.9443359    2426.9350586    2590.3984375  
3020.0      4321.3164062    2430.4565430    2590.8405762  
3040.0      4327.6875000    2433.9785156    2591.2827148  
3060.0      4334.0595703    2437.5000000    2591.7248535  
3080.0      4340.4321289    2441.0219727    2592.1672363  
3100.0      4346.8041992    2444.5434570    2592.6093750  
3120.0      4353.1757812    2448.0651855    2593.0515137  
3140.0      4359.5473633    2451.5866699    2593.4936523  
3160.0      4365.9194336    2455.1083984    2593.9360352  
3180.0      4372.2919922    2458.6303711    2594.3781738  
3200.0      4378.6635742    2462.1518555    2594.8203125  
3220.0      4385.0351562    2465.6735840    2595.2626953  
3240.0      4391.4072266    2469.1950684    2595.7048340  
3260.0      4397.7792969    2472.7167969    2596.1469727  
3280.0      4404.1518555    2476.2385254    2596.5893555  
3300.0      4410.5234375    2479.7602539    2597.0314941  
3320.0      4416.8950195    2483.2819824    2597.4736328  
3340.0      4423.2670898    2486.8037109    2597.9157715  
3360.0      4429.6391602    2490.3251953    2598.3581543  
3380.0      4436.0112305    2493.8469238    2598.8002930  
3400.0      4442.3833008    2497.3684082    2599.2424316  
3420.0      4448.7548828    2500.8903809    2599.6845703  
3440.0      4455.1269531    2504.4118652    2600.1269531  
3460.0      4461.4990234    2507.9338379    2600.5690918  
3480.0      4467.8710938    2511.4553223    2601.0112305  
3500.0      4474.2426758    2514.9770508    2601.4536133  
3520.0      4483.8872070    2519.0991211    2601.8957520  
3540.0      4493.5317383    2523.2209473    2602.3378906  
3560.0      4503.1762695    2527.3435059    2602.7802734  
3580.0      4512.8203125    2531.4655762    2603.2224121  
3600.0      4522.4638672    2535.5878906    2603.6645508  
3620.0      4532.1083984    2539.7099609    2604.1069336  
3640.0      4541.7529297    2543.8320312    2604.5490723  
3660.0      4551.3969727    2547.9541016    2604.9912109  
3680.0      4561.0415039    2552.0764160    2605.4335938  
3700.0      4570.6855469    2556.1984863    2605.8754883  
3720.0      4580.3300781    2560.3208008    2606.3178711  
3740.0      4589.9746094    2564.4428711    2606.7602539  
3760.0      4599.6186523    2568.5649414    2607.2021484  
3780.0      4609.2631836    2572.6870117    2607.6445312  
3800.0      4618.9072266    2576.8093262    2608.0866699  
3820.0      4628.5517578    2580.9313965    2608.5288086  
3840.0      4638.1958008    2585.0534668    2608.9711914  
3860.0      4647.8398438    2589.1757812    2609.4133301  
3880.0      4657.4843750    2593.2978516    2609.8554688  
3900.0      4667.1284180    2597.4199219    2610.2978516  
3920.0      4676.7729492    2601.5419922    2610.7399902  
3940.0      4686.4169922    2605.6643066    2611.1821289  
3960.0      4696.0615234    2609.7863770    2611.6245117  
3980.0      4705.7055664    2613.9084473    2612.0666504  
4000.0      4715.3500977    2618.0307617    2612.5087891  
4020.0      4726.1362305    2623.3823242    2612.9509277  
4040.0      4736.9228516    2628.7338867    2613.3930664  
4060.0      4747.7094727    2634.0849609    2613.8354492  
4080.0      4758.4956055    2639.4367676    2614.2775879  
4100.0      4769.2817383    2644.7880859    2614.7197266  
4120.0      4780.0683594    2650.1394043    2615.1621094  
4140.0      4790.8549805    2655.4912109    2615.6042480  
4160.0      4801.6411133    2660.8425293    2616.0463867  
4180.0      4812.4272461    2666.1938477    2616.4887695  
4200.0      4823.2133789    2671.5456543    2616.9309082  
4220.0      4834.0000000    2676.8969727    2617.3730469  
4240.0      4844.7861328    2682.2482910    2617.8151855  
4260.0      4855.5727539    2687.6000977    2618.2575684  
4280.0      4866.3593750    2692.9514160    2618.6997070  
4300.0      4877.1455078    2698.3027344    2619.1418457  
4320.0      4887.9321289    2703.6542969    2619.5842285  
4340.0      4898.7182617    2709.0056152    2620.0263672  
4360.0      4909.5048828    2714.3574219    2620.4685059  
4380.0      4920.2915039    2719.7089844    2620.9108887  
4400.0      4931.0776367    2725.0603027    2621.3530273  
4420.0      4941.8642578    2730.4118652    2621.7951660  
4440.0      4952.6503906    2735.7634277    2622.2373047  
4460.0      4963.4370117    2741.1147461    2622.6796875  
4480.0      4974.2231445    2746.4665527    2623.1218262  
4500.0      4985.0092773    2751.8176270    2623.5639648  
4520.0      4999.4365234    2762.2895508    2624.0063477  
4540.0      5013.8637695    2772.7609863    2624.4484863  
4560.0      5028.2905273    2783.2326660    2624.8906250  
4580.0      5042.7182617    2793.7041016    2625.3330078  
4600.0      5057.1455078    2804.1760254    2625.7751465  
4620.0      5071.5727539    2814.6474609    2626.2172852  
4640.0      5085.9995117    2825.1193848    2626.6594238  
4660.0      5100.4267578    2835.5908203    2627.1018066  
4680.0      5114.8540039    2846.0625000    2627.5439453  
4700.0      5129.2812500    2856.5341797    2627.9860840  
4720.0      5143.7080078    2867.0056152    2628.4282227  
4740.0      5158.1352539    2877.4772949    2628.8706055  
4760.0      5172.5625000    2887.9489746    2629.3127441  
4780.0      5186.9897461    2898.4204102    2629.7548828  
4800.0      5201.4165039    2908.8923340    2630.1972656  
4820.0      5215.8437500    2919.3637695    2630.6394043  
4840.0      5230.2709961    2929.8354492    2631.0815430  
4860.0      5244.6982422    2940.3071289    2631.5239258  
4880.0      5259.1250000    2950.7788086    2631.9658203  
4900.0      5273.5527344    2961.2504883    2632.4082031  
4920.0      5287.9799805    2971.7221680    2632.8505859  
4940.0      5302.4072266    2982.1938477    2633.2927246  
4960.0      5316.8339844    2992.6652832    2633.7348633  
4980.0      5331.2612305    3003.1369629    2634.1772461  
5000.0      5345.6884766    3013.6086426    2634.6191406  
