# CI_LBW1 -118.08836293 33.79810181
# 
# Depth (m)   Vp (m/s)        Vs(m/s)      Density(kg/m3)
   0.0       404.7470093     160.4799957    1928.9095459  
  20.0      1163.5000000     377.9299927    2048.7165527  
  40.0      1299.9000244     416.6700134    2070.2541504  
  60.0      1311.1995850     482.2000122    2072.0383301  
  80.0      1298.5021973     526.3900146    2070.0334473  
 100.0      1286.4112549     559.8800049    2068.1242676  
 120.0      1281.9732666     584.2700195    2067.4235840  
 140.0      1290.2152100     602.5700073    2068.7250977  
 160.0      1314.3598633     545.9910278    2072.5373535  
 180.0      1355.9348145     568.2225952    2079.1020508  
 200.0      1414.8739014     600.1202393    2088.4086914  
 220.0      1460.4621582     625.0910034    2095.6069336  
 240.0      1503.3688965     648.8251953    2102.3818359  
 260.0      1543.9567871     671.4796143    2108.7907715  
 280.0      1582.5159912     681.7999878    2114.8793945  
 300.0      1619.2824707     681.7999878    2120.6848145  
 320.0      1654.4511719     734.1212158    2126.2377930  
 340.0      1688.1851807     753.5198364    2131.5644531  
 360.0      1720.6220703     772.2900391    2136.6862793  
 380.0      1751.8802490     790.4855957    2141.6218262  
 400.0      1782.0607910     808.1526489    2146.3874512  
 420.0      1811.2525635     825.3316040    2150.9968262  
 440.0      1839.5325928     842.0582275    2155.4621582  
 460.0      1866.9686279     858.3640747    2159.7944336  
 480.0      1893.6212158     874.2770386    2164.0029297  
 500.0      1919.5440674     889.8220215    2168.0959473  
 520.0      1944.7849121     905.0219727    2172.0815430  
 540.0      1969.3870850     919.8973389    2175.9663086  
 560.0      1993.3895264     934.4664307    2179.7563477  
 580.0      2016.8278809     948.7460327    2183.4570312  
 600.0      2039.7335205     962.7515259    2187.0739746  
 620.0      2062.1354980     976.4966431    2190.6113281  
 640.0      2084.0612793     989.9945679    2194.0732422  
 660.0      1967.3983154    1006.3284912    2221.1696777  
 680.0      1981.6093750    1014.5228271    2223.7241211  
 700.0      1995.6701660    1022.6407471    2226.2292480  
 720.0      2009.5876465    1030.6854248    2228.6872559  
 740.0      2023.3686523    1038.6602783    2231.1000977  
 760.0      2037.0187988    1046.5678711    2233.4697266  
 780.0      2050.5439453    1054.4108887    2235.7980957  
 800.0      2063.9497070    1062.1923828    2238.0871582  
 820.0      2077.2404785    1069.9143066    2240.3386230  
 840.0      2090.4213867    1077.5793457    2242.5534668  
 860.0      2103.4965820    1085.1888428    2244.7333984  
 880.0      2116.4699707    1092.7454834    2246.8801270  
 900.0      2129.3457031    1100.2506104    2248.9943848  
 920.0      2142.1267090    1107.7062988    2251.0773926  
 940.0      2154.8173828    1115.1145020    2253.1308594  
 960.0      2167.4201660    1122.4759521    2255.1550293  
 980.0      2179.9382324    1129.7927246    2257.1516113  
1000.0      2192.3745117    1137.0662842    2259.1210938  
1020.0      2204.7541504    1145.6223145    2261.0642090  
1040.0      2217.0571289    1154.1378174    2262.9824219  
1060.0      2229.2863770    1162.6140137    2264.8762207  
1080.0      2241.4433594    1171.0515137    2266.7460938  
1100.0      2253.5307617    1179.4514160    2268.5935059  
1120.0      2265.5512695    1187.8155518    2270.4184570  
1140.0      2277.5058594    1196.1440430    2272.2214355  
1160.0      2289.3969727    1204.4385986    2274.0039062  
1180.0      2301.2265625    1212.6995850    2275.7658691  
1200.0      2312.9956055    1220.9278564    2277.5078125  
1220.0      2324.7065430    1229.1247559    2279.2309570  
1240.0      2336.3608398    1237.2905273    2280.9350586  
1260.0      2347.9597168    1245.4261475    2282.6208496  
1280.0      2359.5048828    1253.5327148    2284.2893066  
1300.0      2370.9975586    1261.6103516    2285.9401855  
1320.0      2382.4389648    1269.6600342    2287.5742188  
1340.0      2393.8312988    1277.6824951    2289.1921387  
1360.0      2405.1743164    1285.6782227    2290.7937012  
1380.0      2416.4704590    1293.6478271    2292.3796387  
1400.0      2427.7199707    1301.5920410    2293.9504395  
1420.0      2438.9245605    1309.5111084    2295.5063477  
1440.0      2450.0849609    1317.4057617    2297.0478516  
1460.0      2461.2021484    1325.2766113    2298.5749512  
1480.0      2472.2773438    1333.1242676    2300.1147461  
1500.0      2483.3120117    1340.9488525    2302.0654297  
1520.0      2494.6889648    1348.4197998    2303.9987793  
1540.0      2506.0273438    1355.8691406    2305.9155273  
1560.0      2517.3269043    1363.2967529    2307.8154297  
1580.0      2528.5891113    1370.7033691    2309.6994629  
1600.0      2539.8144531    1378.0891113    2311.5673828  
1620.0      2551.0029297    1385.4547119    2313.4199219  
1640.0      2562.1569824    1392.8006592    2315.2573242  
1660.0      2573.2758789    1400.1268311    2317.0798340  
1680.0      2584.3605957    1409.6026611    2318.8876953  
1700.0      2595.4121094    1421.8532715    2320.6813965  
1720.0      2606.4309082    1434.0517578    2322.4609375  
1740.0      2617.4179688    1446.2001953    2324.2270508  
1760.0      2628.3735352    1458.2982178    2325.9792480  
1780.0      2639.2980957    1470.3476562    2327.7185059  
1800.0      2650.1923828    1482.3486328    2329.4445801  
1820.0      2661.0571289    1494.3031006    2331.1582031  
1840.0      2671.8925781    1506.2105713    2332.8591309  
1860.0      2682.6997070    1518.0723877    2334.5478516  
1880.0      2693.4782715    1529.8889160    2336.2243652  
1900.0      2704.2294922    1541.6619873    2337.8891602  
1920.0      2718.3247070    1553.3916016    2339.5424805  
1940.0      2735.5913086    1565.0777588    2341.1840820  
1960.0      2752.7866211    1576.7220459    2342.8144531  
1980.0      2769.9125977    1588.3251953    2344.4338379  
2000.0      2786.9694824    1599.8876953    2346.0424805  
2020.0      2806.0319824    1613.1544189    2347.6403809  
2040.0      2825.0275879    1626.3814697    2349.2275391  
2060.0      2843.9577637    1639.5698242    2350.8046875  
2080.0      2862.8237305    1652.7198486    2352.3715820  
2100.0      2881.6259766    1665.8317871    2353.9282227  
2120.0      2900.3659668    1678.9069824    2355.4753418  
2140.0      2919.0446777    1691.9455566    2357.0126953  
2160.0      2937.6628418    1704.9475098    2358.5402832  
2180.0      2956.2214355    1717.9141846    2360.0585938  
2200.0      2974.7214355    1730.8455811    2361.5676270  
2220.0      2993.1640625    1743.7429199    2363.0676270  
2240.0      3011.5488281    1756.6054688    2364.5585938  
2260.0      3029.8784180    1769.4346924    2366.0407715  
2280.0      3048.1528320    1782.2308350    2367.5141602  
2300.0      3066.3725586    1794.9938965    2368.9790039  
2320.0      3084.5397949    1807.7258301    2370.4355469  
2340.0      3102.6528320    1820.4246826    2371.8835449  
2360.0      3120.7141113    1833.0924072    2373.3232422  
2380.0      3138.7238770    1845.7290039    2374.7548828  
2400.0      3156.6828613    1858.3348389    2376.1784668  
2420.0      3174.5917969    1870.9104004    2377.5942383  
2440.0      3192.4511719    1883.4559326    2379.0021973  
2460.0      3210.2626953    1895.9727783    2380.4025879  
2480.0      3228.0270996    1908.4606934    2381.7954102  
2500.0      3245.7431641    1920.9193115    2383.1806641  
2520.0      3260.5959473    1929.5612793    2384.5585938  
2540.0      3275.4030762    1938.1751709    2385.9291992  
2560.0      3290.1647949    1946.7619629    2387.2927246  
2580.0      3304.8820801    1955.3212891    2388.6491699  
2600.0      3319.5546875    1963.8536377    2389.9985352  
2620.0      3334.1835938    1972.3588867    2391.3410645  
2640.0      3348.7692871    1980.8380127    2392.6767578  
2660.0      3363.3127441    1989.2912598    2394.0056152  
2680.0      3377.8142090    1997.7189941    2395.3281250  
2700.0      3392.2739258    2006.1207275    2396.6437988  
2720.0      3406.6928711    2014.4978027    2397.9531250  
2740.0      3421.0703125    2022.8492432    2399.2558594  
2760.0      3435.4086914    2031.1768799    2400.5524902  
2780.0      3449.7072754    2039.4797363    2401.8427734  
2800.0      3463.9667969    2047.7589111    2403.1269531  
2820.0      3478.1877441    2056.0141602    2404.4050293  
2840.0      3492.3698730    2064.2456055    2405.6770020  
2860.0      3506.5146484    2072.4541016    2406.9431152  
2880.0      3520.6223145    2080.6394043    2408.2031250  
2900.0      3534.6931152    2088.8022461    2409.4575195  
2920.0      3548.7272949    2096.9426270    2410.7062988  
2940.0      3562.7253418    2105.0600586    2411.9492188  
2960.0      3576.6879883    2113.1560059    2413.1865234  
2980.0      3590.6154785    2121.2297363    2414.4179688  
3000.0      3604.5083008    2129.2827148    2415.6445312  
3020.0      3614.2651367    2133.4252930    2416.8652344  
3040.0      3623.9875488    2137.5466309    2418.0805664  
3060.0      3633.6765137    2141.6469727    2419.2905273  
3080.0      3645.1713867    2147.0483398    2420.7858887  
3100.0      3671.3784180    2163.0395508    2424.6042480  
3120.0      3697.0383301    2178.6677246    2428.3361816  
3140.0      3722.1835938    2193.9541016    2431.9868164  
3160.0      3746.8422852    2208.9172363    2435.5605469  
3180.0      3771.0429688    2223.5754395    2439.0620117  
3200.0      3794.8081055    2237.9438477    2442.4948730  
3220.0      3818.1618652    2252.0375977    2445.8625488  
3240.0      3841.1220703    2265.8691406    2449.1682129  
3260.0      3863.7109375    2279.4519043    2452.4152832  
3280.0      3885.9443359    2292.7971191    2455.6059570  
3300.0      3907.8386230    2305.9152832    2458.7434082  
3320.0      3929.4104004    2318.8171387    2461.8298340  
3340.0      3950.6713867    2331.5109863    2464.8671875  
3360.0      3971.6350098    2344.0046387    2467.8574219  
3380.0      3992.3193359    2356.3110352    2470.8037109  
3400.0      4012.7265625    2368.4306641    2473.7062988  
3420.0      4032.8747559    2380.3764648    2476.5678711  
3440.0      4052.7700195    2392.1513672    2479.3896484  
3460.0      4072.4211426    2403.7617188    2482.1726074  
3480.0      4091.8391113    2415.2148438    2484.9189453  
3500.0      4111.0351562    2426.5180664    2487.6301270  
3520.0      4127.8305664    2437.1347656    2490.3066406  
3540.0      4144.4199219    2447.6123047    2492.9506836  
3560.0      4160.8046875    2457.9506836    2495.5622559  
3580.0      4176.9946289    2468.1577148    2498.1430664  
3600.0      4192.9946289    2477.5017090    2500.6940918  
3620.0      4208.8115234    2484.7846680    2503.2160645  
3640.0      4224.4501953    2491.9650879    2505.7099609  
3660.0      4239.9184570    2499.0468750    2508.1767578  
3680.0      4255.2148438    2506.0292969    2510.6166992  
3700.0      4270.3540039    2512.9211426    2513.0314941  
3720.0      4285.3339844    2519.7209473    2515.4213867  
3740.0      4300.1601562    2526.4323730    2517.7868652  
3760.0      4314.8374023    2533.0571289    2520.1289062  
3780.0      4329.3720703    2539.6000977    2522.4484863  
3800.0      4343.7641602    2546.0605469    2524.7456055  
3820.0      4358.0224609    2552.4433594    2527.0212402  
3840.0      4372.1425781    2558.7470703    2529.2753906  
3860.0      4386.1352539    2564.9765625    2531.5092773  
3880.0      4400.0004883    2571.1333008    2533.7231445  
3900.0      4413.7416992    2577.2177734    2535.9174805  
3920.0      4427.3632812    2583.2333984    2538.0927734  
3940.0      4440.8666992    2589.1806641    2540.2492676  
3960.0      4454.2548828    2595.0615234    2542.3876953  
3980.0      4467.5312500    2600.8779297    2544.5087891  
4000.0      4480.6967773    2606.6303711    2546.6120605  
4020.0      4498.4770508    2614.7377930    2548.6987305  
4040.0      4516.1518555    2622.7844238    2550.7685547  
4060.0      4533.7250977    2630.7727051    2552.8225098  
4080.0      4551.1972656    2638.7023926    2554.8603516  
4100.0      4568.5708008    2646.5751953    2556.8828125  
4120.0      4585.8491211    2654.3930664    2558.8901367  
4140.0      4603.0327148    2662.1557617    2560.8828125  
4160.0      4620.1245117    2669.8659668    2562.8605957  
4180.0      4637.1259766    2677.5239258    2564.8242188  
4200.0      4654.0410156    2685.1320801    2566.7741699  
4220.0      4670.8657227    2692.6879883    2568.7099609  
4240.0      4687.6069336    2700.1955566    2570.6325684  
4260.0      4704.2646484    2707.6550293    2572.5419922  
4280.0      4720.8408203    2715.0673828    2574.4384766  
4300.0      4737.3364258    2722.4333496    2576.3222656  
4320.0      4753.7539062    2729.7541504    2578.1936035  
4340.0      4770.0932617    2737.0297852    2580.0527344  
4360.0      4786.3569336    2744.2617188    2581.8999023  
4380.0      4802.5458984    2751.4504395    2583.7353516  
4400.0      4818.6616211    2758.5969238    2585.5590820  
4420.0      4834.7055664    2765.7021484    2587.3715820  
4440.0      4850.6782227    2772.7661133    2589.1726074  
4460.0      4866.5815430    2779.7900391    2590.9628906  
4480.0      4882.4165039    2786.7744141    2592.7424316  
4500.0      4898.1845703    2793.7202148    2594.5112305  
4520.0      4917.1972656    2804.6191406    2596.2695312  
4540.0      4936.1459961    2815.4809570    2598.0178223  
4560.0      4955.0297852    2826.3054199    2599.7558594  
4580.0      4969.5498047    2834.6105957    2600.8046875  
4600.0      4983.2856445    2842.4626465    2601.7297363  
4620.0      4997.0058594    2850.3059082    2602.6523438  
4640.0      5010.7114258    2858.1408691    2603.5727539  
4660.0      5024.4018555    2865.9667969    2604.4907227  
4680.0      5038.0776367    2873.7844238    2605.4062500  
4700.0      5051.7382812    2881.5930176    2606.3193359  
4720.0      5065.3837891    2889.3933105    2607.2302246  
4740.0      5079.0146484    2897.1850586    2608.1386719  
4760.0      5092.6323242    2904.9687500    2609.0451660  
4780.0      5106.2338867    2912.7436523    2609.9492188  
4800.0      5119.8217773    2920.5107422    2610.8508301  
4820.0      5133.3964844    2928.2695312    2611.7504883  
4840.0      5146.9575195    2936.0207520    2612.6479492  
4860.0      5160.5029297    2943.7631836    2613.5429688  
4880.0      5174.0332031    2951.4965820    2614.4355469  
4900.0      5187.5507812    2959.2229004    2615.3261719  
4920.0      5201.0532227    2966.9404297    2616.2143555  
4940.0      5214.5454102    2974.6520996    2617.1010742  
4960.0      5228.0214844    2982.3544922    2617.9851074  
4980.0      5241.4848633    2990.0490723    2618.8671875  
5000.0      5254.9340820    2997.7360840    2619.7470703  
