# CE_23836 -117.85123929 34.11353334
# 
# Depth (m)   Vp (m/s)        Vs(m/s)      Density(kg/m3)
   0.0       360.8139954     188.9669952    1921.9725342  
  20.0      1921.5999756     399.4517212    2168.4206543  
  40.0      1923.3117676     552.3822021    2168.6909180  
  60.0      1941.0097656     656.0092163    2171.4853516  
  80.0      1988.5583496     698.6791992    2178.9934082  
 100.0      1968.4390869     759.6362305    2175.8164062  
 120.0      2032.0855713     802.3062134    2185.8662109  
 140.0      2124.3103027     849.3591919    2200.4287109  
 160.0      2237.2617188     927.5772095    2218.2636719  
 180.0      2348.6833496     982.4382324    2235.8571777  
 200.0      2468.6958008     982.4382324    2254.8071289  
 220.0      2365.4226074    1192.9295654    2268.0866699  
 240.0      2361.1748047    1189.3654785    2270.2932129  
 260.0      2355.1879883    1185.8013916    2271.9257812  
 280.0      2347.5776367    1182.2373047    2273.0234375  
 300.0      2338.4267578    1178.6732178    2273.6127930  
 320.0      2327.7949219    1266.9031982    2273.7138672  
 340.0      2315.7243652    1262.6199951    2273.3405762  
 360.0      2302.2385254    1257.4389648    2272.5007324  
 380.0      2287.3515625    1251.3708496    2271.1984863  
 400.0      2271.0659180    1244.4213867    2269.4355469  
 420.0      2253.3742676    1236.5894775    2267.2084961  
 440.0      2234.2617188    1227.8724365    2264.5131836  
 460.0      2213.7043457    1218.2624512    2261.3413086  
 480.0      2191.6762695    1207.7524414    2257.6843262  
 500.0      2188.7451172    1209.2011719    2260.3249512  
 520.0      2202.3005371    1218.1704102    2263.9716797  
 540.0      2215.5859375    1226.9948730    2267.5295410  
 560.0      2228.6193848    1235.6835938    2271.0041504  
 580.0      2241.4157715    1244.2442627    2274.4003906  
 600.0      2253.9899902    1252.6846924    2277.7238770  
 620.0      2266.3542480    1261.0112305    2280.9777832  
 640.0      2278.5209961    1269.2302246    2284.1665039  
 660.0      2290.5009766    1277.3475342    2287.2939453  
 680.0      2302.3024902    1285.3670654    2290.3625488  
 700.0      2313.9362793    1293.2949219    2293.3757324  
 720.0      2325.4099121    1301.1343994    2296.3359375  
 740.0      2336.7309570    1308.8902588    2299.2458496  
 760.0      2347.9064941    1316.5656738    2302.7416992  
 780.0      2358.9433594    1324.1644287    2306.4047852  
 800.0      2369.8469238    1331.6895752    2310.0109863  
 820.0      4354.6899414    2427.7189941    2641.1508789  
 840.0      4357.1860352    2429.7426758    2641.1508789  
 860.0      4359.6826172    2431.7661133    2641.1508789  
 880.0      4362.1787109    2433.7900391    2641.1508789  
 900.0      4364.6748047    2435.8134766    2641.1508789  
 920.0      4367.1708984    2437.8374023    2641.1508789  
 940.0      4369.6674805    2439.8608398    2641.1508789  
 960.0      4372.1635742    2441.8847656    2641.1508789  
 980.0      4374.6596680    2443.9082031    2641.1508789  
1000.0      4377.2246094    2445.9855957    2641.1618652  
1020.0      4385.4086914    2452.4233398    2642.0454102  
1040.0      4393.5932617    2458.8610840    2642.9291992  
1060.0      4401.7778320    2465.2985840    2643.8129883  
1080.0      4409.9628906    2471.7365723    2644.6970215  
1100.0      4418.1474609    2478.1743164    2645.5808105  
1120.0      4426.3315430    2484.6118164    2646.4643555  
1140.0      4434.5166016    2491.0493164    2647.3481445  
1160.0      4442.7011719    2497.4873047    2648.2319336  
1180.0      4450.8857422    2503.9250488    2649.1157227  
1200.0      4459.0698242    2510.3625488    2649.9995117  
1220.0      4467.2543945    2516.8002930    2650.8833008  
1240.0      4475.4389648    2523.2380371    2651.7670898  
1260.0      4483.6230469    2529.6757812    2652.6508789  
1280.0      4491.8081055    2536.1135254    2653.5346680  
1300.0      4499.9921875    2542.5510254    2654.4184570  
1320.0      4508.1772461    2548.9887695    2655.3022461  
1340.0      4516.3618164    2555.4265137    2656.1860352  
1360.0      4524.5463867    2561.8642578    2657.0698242  
1380.0      4532.7309570    2568.3017578    2657.9536133  
1400.0      4540.9155273    2574.7395020    2658.8374023  
1420.0      4549.0996094    2581.1774902    2659.7211914  
1440.0      4557.2841797    2587.6152344    2660.6049805  
1460.0      4565.4687500    2594.0524902    2661.4887695  
1480.0      4573.6538086    2600.4902344    2662.3725586  
1500.0      4581.8383789    2606.9282227    2663.2563477  
1520.0      4590.9951172    2612.9145508    2664.1401367  
1540.0      4600.1523438    2618.9011230    2665.0239258  
1560.0      4609.3095703    2624.8874512    2665.9077148  
1580.0      4618.4667969    2630.8740234    2666.7915039  
1600.0      4627.6235352    2636.8603516    2667.6752930  
1620.0      4636.7812500    2642.8469238    2668.5590820  
1640.0      4645.9379883    2648.8334961    2669.4428711  
1660.0      4655.0952148    2654.8200684    2670.3266602  
1680.0      4664.2519531    2660.8063965    2671.2102051  
1700.0      4673.4096680    2666.7929688    2672.0942383  
1720.0      4682.5668945    2672.7795410    2672.9780273  
1740.0      4691.7241211    2678.7658691    2673.8618164  
1760.0      4700.8808594    2684.7524414    2674.7456055  
1780.0      4710.0380859    2690.7387695    2675.6293945  
1800.0      4719.1953125    2696.7255859    2676.5131836  
1820.0      4728.3515625    2702.7119141    2677.3967285  
1840.0      4737.5087891    2708.6982422    2678.2805176  
1860.0      4746.6660156    2714.6848145    2679.1643066  
1880.0      4755.8237305    2720.6713867    2680.0483398  
1900.0      4764.9804688    2726.6577148    2680.9318848  
1920.0      4774.1372070    2732.6440430    2681.8156738  
1940.0      4783.2949219    2738.6308594    2682.6994629  
1960.0      4792.4521484    2744.6171875    2683.5832520  
1980.0      4801.6093750    2750.6037598    2684.4670410  
2000.0      4810.7661133    2756.5903320    2685.3508301  
2020.0      4821.1337891    2763.0393066    2686.2346191  
2040.0      4831.5004883    2769.4880371    2687.1184082  
2060.0      4841.8671875    2775.9367676    2688.0021973  
2080.0      4852.2343750    2782.3857422    2688.8859863  
2100.0      4862.6010742    2788.8344727    2689.7697754  
2120.0      4872.9687500    2795.2836914    2690.6535645  
2140.0      4883.3354492    2801.7324219    2691.5373535  
2160.0      4893.7031250    2808.1813965    2692.4211426  
2180.0      4904.0693359    2814.6301270    2693.3049316  
2200.0      4914.4365234    2821.0791016    2694.1887207  
2220.0      4924.8037109    2827.5278320    2695.0725098  
2240.0      4935.1708984    2833.9772949    2695.9562988  
2260.0      4945.5375977    2840.4257812    2696.8398438  
2280.0      4955.9052734    2846.8747559    2697.7238770  
2300.0      4966.2719727    2853.3234863    2698.6074219  
2320.0      4976.6386719    2859.7727051    2699.4912109  
2340.0      4987.0053711    2866.2211914    2700.3750000  
2360.0      4997.3730469    2872.6704102    2701.2587891  
2380.0      5007.7397461    2879.1191406    2702.1425781  
2400.0      5018.1074219    2885.5681152    2703.0266113  
2420.0      5028.4741211    2892.0170898    2703.9101562  
2440.0      5038.8417969    2898.4658203    2704.7941895  
2460.0      5049.2080078    2904.9145508    2705.6777344  
2480.0      5059.5751953    2911.3637695    2706.5615234  
2500.0      5069.9423828    2917.8127441    2707.4453125  
2520.0      5078.8076172    2922.9479980    2708.3291016  
2540.0      5087.6733398    2928.0837402    2709.2128906  
2560.0      5096.5380859    2933.2194824    2710.0966797  
2580.0      5105.4038086    2938.3549805    2710.9804688  
2600.0      5114.2690430    2943.4902344    2711.8642578  
2620.0      5123.1342773    2948.6259766    2712.7480469  
2640.0      5132.0000000    2953.7614746    2713.6318359  
2660.0      5140.8647461    2958.8969727    2714.5156250  
2680.0      5149.7309570    2964.0327148    2715.3994141  
2700.0      5158.5957031    2969.1682129    2716.2832031  
2720.0      5167.4614258    2974.3039551    2717.1669922  
2740.0      5176.3266602    2979.4392090    2718.0507812  
2760.0      5185.1918945    2984.5747070    2718.9345703  
2780.0      5194.0576172    2989.7104492    2719.8183594  
2800.0      5202.9223633    2994.8457031    2720.7021484  
2820.0      5211.7880859    2999.9814453    2721.5859375  
2840.0      5220.6533203    3005.1169434    2722.4697266  
2860.0      5229.5190430    3010.2529297    2723.3535156  
2880.0      5238.3842773    3015.3881836    2724.2373047  
2900.0      5247.2495117    3020.5236816    2725.1210938  
2920.0      5256.1152344    3025.6594238    2726.0048828  
2940.0      5264.9799805    3030.7946777    2726.8886719  
2960.0      5273.8457031    3035.9304199    2727.7724609  
2980.0      5282.7109375    3041.0659180    2728.6562500  
3000.0      5291.5761719    3046.2016602    2729.5400391  
3020.0      5300.5610352    3051.1088867    2730.4238281  
3040.0      5309.5454102    3056.0161133    2731.3073730  
3060.0      5318.5307617    3060.9233398    2732.1914062  
3080.0      5327.5151367    3065.8310547    2733.0749512  
3100.0      5336.4995117    3070.7377930    2733.9587402  
3120.0      5345.4843750    3075.6452637    2734.8425293  
3140.0      5354.4687500    3080.5524902    2735.7263184  
3160.0      5363.4541016    3085.4599609    2736.6101074  
3180.0      5372.4384766    3090.3671875    2737.4938965  
3200.0      5381.4233398    3095.2744141    2738.3776855  
3220.0      5390.4077148    3100.1818848    2739.2614746  
3240.0      5399.3925781    3105.0891113    2740.1452637  
3260.0      5408.3774414    3109.9963379    2741.0290527  
3280.0      5417.3623047    3114.9035645    2741.9128418  
3300.0      5426.3466797    3119.8110352    2742.7966309  
3320.0      5435.3310547    3124.7182617    2743.6804199  
3340.0      5444.3159180    3129.6254883    2744.5642090  
3360.0      5453.3007812    3134.5327148    2745.4479980  
3380.0      5462.2851562    3139.4401855    2746.3317871  
3400.0      5471.2700195    3144.3476562    2747.2155762  
3420.0      5480.2543945    3149.2546387    2748.0991211  
3440.0      5489.2397461    3154.1621094    2748.9831543  
3460.0      5498.2241211    3159.0693359    2749.8666992  
3480.0      5507.2084961    3163.9768066    2750.7507324  
3500.0      5516.1933594    3168.8837891    2751.6345215  
3520.0      5525.1713867    3174.4587402    2752.5183105  
3540.0      5534.1494141    3180.0336914    2753.4020996  
3560.0      5543.1279297    3185.6093750    2754.2858887  
3580.0      5552.1059570    3191.1843262    2755.1696777  
3600.0      5561.0834961    3196.7595215    2756.0532227  
3620.0      5570.0620117    3202.3344727    2756.9372559  
3640.0      5579.0395508    3207.9094238    2757.8208008  
3660.0      5588.0175781    3213.4846191    2758.7045898  
3680.0      5596.9956055    3219.0598145    2759.5883789  
3700.0      5605.9736328    3224.6350098    2760.4721680  
3720.0      5614.9511719    3230.2099609    2761.3559570  
3740.0      5623.9296875    3235.7849121    2762.2397461  
3760.0      5632.9082031    3241.3601074    2763.1235352  
3780.0      5641.8857422    3246.9350586    2764.0073242  
3800.0      5650.8637695    3252.5100098    2764.8911133  
3820.0      5659.8417969    3258.0852051    2765.7749023  
3840.0      5668.8198242    3263.6604004    2766.6586914  
3860.0      5677.7973633    3269.2355957    2767.5424805  
3880.0      5686.7753906    3274.8105469    2768.4262695  
3900.0      5695.7539062    3280.3854980    2769.3100586  
3920.0      5704.7314453    3285.9606934    2770.1938477  
3940.0      5713.7104492    3291.5358887    2771.0776367  
3960.0      5722.6879883    3297.1108398    2771.9614258  
3980.0      5731.6660156    3302.6857910    2772.8452148  
4000.0      5740.6440430    3308.2609863    2773.7290039  
4020.0      5750.0903320    3314.2292480    2774.6127930  
4040.0      5759.5371094    3320.1975098    2775.4965820  
4060.0      5768.9838867    3326.1652832    2776.3803711  
4080.0      5778.4311523    3332.1335449    2777.2641602  
4100.0      5787.8774414    3338.1018066    2778.1479492  
4120.0      5797.3242188    3344.0700684    2779.0317383  
4140.0      5806.7709961    3350.0383301    2779.9155273  
4160.0      5816.2172852    3356.0063477    2780.7993164  
4180.0      5825.6645508    3361.9746094    2781.6831055  
4200.0      5835.1113281    3367.9426270    2782.5668945  
4220.0      5844.5581055    3373.9108887    2783.4506836  
4240.0      5854.0043945    3379.8789062    2784.3342285  
4260.0      5863.4516602    3385.8469238    2785.2182617  
4280.0      5872.8984375    3391.8151855    2786.1020508  
4300.0      5882.3447266    3397.7834473    2786.9858398  
4320.0      5891.7915039    3403.7514648    2787.8696289  
4340.0      5901.2382812    3409.7197266    2788.7534180  
4360.0      5910.6845703    3415.6877441    2789.6369629  
4380.0      5920.1318359    3421.6560059    2790.5209961  
4400.0      5929.5786133    3427.6242676    2791.4047852  
4420.0      5939.0258789    3433.5920410    2792.2885742  
4440.0      5948.4721680    3439.5603027    2793.1721191  
4460.0      5957.9189453    3445.5285645    2794.0559082  
4480.0      5967.3657227    3451.4970703    2794.9396973  
4500.0      5976.8125000    3457.4650879    2795.8234863  
4520.0      5985.5703125    3464.0795898    2796.7072754  
4540.0      5994.3281250    3470.6940918    2797.5910645  
4560.0      6003.0859375    3477.3088379    2798.4748535  
4580.0      6011.8437500    3483.9233398    2799.3586426  
4600.0      6020.6015625    3490.5378418    2800.2424316  
4620.0      6029.3593750    3497.1525879    2801.1262207  
4640.0      6038.1176758    3503.7673340    2802.0100098  
4660.0      6046.8754883    3510.3818359    2802.8937988  
4680.0      6055.6328125    3516.9965820    2803.7775879  
4700.0      6064.3906250    3523.6110840    2804.6613770  
4720.0      6073.1489258    3530.2258301    2805.5451660  
4740.0      6081.9067383    3536.8403320    2806.4289551  
4760.0      6090.6640625    3543.4550781    2807.3125000  
4780.0      6099.4223633    3550.0695801    2808.1965332  
4800.0      6108.1801758    3556.6840820    2809.0803223  
4820.0      6116.9384766    3563.2990723    2809.9641113  
4840.0      6125.6958008    3569.9135742    2810.8476562  
4860.0      6134.4536133    3576.5283203    2811.7314453  
4880.0      6143.2114258    3583.1425781    2812.6152344  
4900.0      6151.9692383    3589.7570801    2813.4990234  
4920.0      6160.7270508    3596.3718262    2814.3828125  
4940.0      6169.4848633    3602.9865723    2815.2666016  
4960.0      6178.2426758    3609.6008301    2816.1503906  
4980.0      6187.0014648    3616.2158203    2817.0344238  
5000.0      6195.7587891    3622.8303223    2817.9179688  
