# CE_14002 -118.17348666 33.78469087
# 
# Depth (m)   Vp (m/s)        Vs(m/s)      Density(kg/m3)
   0.0       598.2454834     243.1950073    1959.4630127  
  20.0      1557.0949707     407.2274780    2110.8652344  
  40.0      1661.5500488     517.8049927    2127.3588867  
  60.0      1630.1800537     551.2049561    2122.4055176  
  80.0      1614.9317627     551.2049561    2119.9978027  
 100.0      1588.3200684     564.1224365    2115.7956543  
 120.0      1560.9893799     584.4880371    2111.4802246  
 140.0      1541.1706543     599.7518921    2108.3508301  
 160.0      1534.9040527     599.7518921    2107.3613281  
 180.0      1546.0947266     621.0918579    2109.1284180  
 200.0      1576.5628662     648.5218506    2113.9392090  
 220.0      1626.9598389     648.5218506    2121.8969727  
 240.0      1674.4140625     679.0018921    2129.3898926  
 260.0      1719.3212891     679.0018921    2136.4809570  
 280.0      1761.9973145     679.0018921    2143.2194824  
 300.0      1802.6999512     679.0018921    2149.6462402  
 320.0      1841.6434326     843.3099976    2155.7954102  
 340.0      1879.0059814     865.5420532    2161.6950684  
 360.0      1914.9385986     887.0554199    2167.3688965  
 380.0      1949.5710449     907.9113770    2172.8374023  
 400.0      1983.0151367     928.1625366    2178.1181641  
 420.0      2015.3685303     947.8555298    2183.2268066  
 440.0      2046.7133789     967.0291138    2188.1760254  
 460.0      2077.1274414     985.7213745    2192.9785156  
 480.0      1843.3525391     930.3787231    2221.3078613  
 500.0      1838.6053467     928.7563477    2224.7968750  
 520.0      1853.8164062     937.0535889    2228.1948242  
 540.0      1868.7673340     945.2175293    2231.5063477  
 560.0      1883.4749756     953.2565918    2234.7380371  
 580.0      1897.9521484     961.1767578    2237.8937988  
 600.0      1912.2128906     968.9845581    2240.9777832  
 620.0      1926.2686768     976.6857910    2243.9946289  
 640.0      1940.1301270     984.2856445    2246.9470215  
 660.0      1953.8081055     991.7893066    2249.8388672  
 680.0      1967.3103027     999.2006836    2252.6733398  
 700.0      1980.6467285    1006.5245361    2255.4526367  
 720.0      1993.8247070    1013.7641602    2258.1796875  
 740.0      2006.8503418    1020.9232788    2260.8566895  
 760.0      2019.7321777    1028.0056152    2263.4860840  
 780.0      2032.4752197    1035.0139160    2266.0698242  
 800.0      2045.0866699    1041.9515381    2268.6101074  
 820.0      2057.5700684    1048.8204346    2271.1083984  
 840.0      2069.9326172    1055.6239014    2273.5666504  
 860.0      2082.1770020    1062.3638916    2275.9860840  
 880.0      2094.3090820    1069.0429688    2278.3684082  
 900.0      2106.3330078    1075.6630859    2280.7148438  
 920.0      2118.2524414    1082.2263184    2283.0270996  
 940.0      2130.0710449    1088.7346191    2285.3059082  
 960.0      2141.7924805    1095.1896973    2287.5527344  
 980.0      2153.4204102    1101.5932617    2289.7687988  
1000.0      2164.9575195    1107.9468994    2291.9548340  
1020.0      2176.5117188    1114.6575928    2294.1120605  
1040.0      2187.9809570    1121.3212891    2296.2414551  
1060.0      2199.3686523    1127.9395752    2298.3435059  
1080.0      2210.6762695    1134.5137939    2300.5456543  
1100.0      2221.9072266    1141.0449219    2303.2126465  
1120.0      2233.0634766    1147.5345459    2305.8476562  
1140.0      2244.1469727    1153.9836426    2308.4516602  
1160.0      2255.1596680    1160.3931885    2311.0253906  
1180.0      2266.1040039    1166.7644043    2313.5698242  
1200.0      2276.9816895    1173.0981445    2316.0854492  
1220.0      2287.7951660    1180.6955566    2318.5734863  
1240.0      2298.5451660    1193.7658691    2321.0344238  
1260.0      2309.2346191    1206.7404785    2323.4694824  
1280.0      2319.8642578    1219.6198730    2325.8786621  
1300.0      2330.4353027    1232.4067383    2328.2629395  
1320.0      2340.9499512    1245.1031494    2330.6228027  
1340.0      2351.4086914    1257.7113037    2332.9589844  
1360.0      2361.8144531    1270.2343750    2335.2719727  
1380.0      2372.1672363    1282.6733398    2337.5627441  
1400.0      2386.9960938    1295.0300293    2339.8312988  
1420.0      2406.2399902    1307.3063965    2342.0783691  
1440.0      2425.3513184    1319.5046387    2344.3046875  
1460.0      2444.3327637    1331.6258545    2346.5102539  
1480.0      2463.1875000    1343.6718750    2348.6960449  
1500.0      2481.9177246    1355.6437988    2350.8620605  
1520.0      2502.0217285    1369.8746338    2353.0090332  
1540.0      2522.0073242    1384.0346680    2355.1372070  
1560.0      2541.8767090    1398.1252441    2357.2470703  
1580.0      2561.6323242    1412.1483154    2359.3391113  
1600.0      2581.2770996    1426.1047363    2361.4135742  
1620.0      2600.8129883    1439.9958496    2363.4707031  
1640.0      2624.6130371    1456.8758545    2366.2014160  
1660.0      2653.3188477    1477.2062988    2369.7065430  
1680.0      2681.6411133    1497.2977295    2373.1511230  
1700.0      2709.6005859    1517.1633301    2376.5383301  
1720.0      2737.2119141    1536.8116455    2379.8708496  
1740.0      2764.4912109    1556.2520752    2383.1506348  
1760.0      2791.4536133    1575.4943848    2386.3806152  
1780.0      2818.1088867    1594.5443115    2389.5620117  
1800.0      2844.4726562    1613.4110107    2392.6972656  
1820.0      2870.5556641    1632.1016846    2395.7883301  
1840.0      2896.3686523    1650.6221924    2398.8366699  
1860.0      2921.9228516    1668.9802246    2401.8442383  
1880.0      2947.2229004    1687.1776123    2404.8117676  
1900.0      2972.2841797    1705.2243652    2407.7414551  
1920.0      2997.1110840    1723.1229248    2410.6340332  
1940.0      3021.7126465    1740.8791504    2413.4912109  
1960.0      3046.0981445    1758.4984131    2416.3142090  
1980.0      3070.2697754    1775.9819336    2419.1035156  
2000.0      3094.2402344    1793.3378906    2421.8608398  
2020.0      3121.5576172    1813.4528809    2424.5869141  
2040.0      3148.6835938    1833.4455566    2427.2824707  
2060.0      3175.6250000    1853.3210449    2429.9489746  
2080.0      3202.3837891    1873.0802002    2432.5869141  
2100.0      3228.9697266    1892.7287598    2435.1972656  
2120.0      3255.3823242    1912.2664795    2437.7802734  
2140.0      3281.6306152    1931.6993408    2440.3374023  
2160.0      3307.7180176    1951.0291748    2442.8691406  
2180.0      3333.6486816    1970.2584229    2445.3759766  
2200.0      3359.4272461    1989.3903809    2447.8588867  
2220.0      3385.0546875    2008.4250488    2450.3181152  
2240.0      3410.5378418    2027.3666992    2452.7543945  
2260.0      3435.8798828    2046.2178955    2455.1684570  
2280.0      3461.0839844    2064.9802246    2457.5605469  
2300.0      3486.1542969    2083.6564941    2459.9318848  
2320.0      3511.0905762    2102.2456055    2462.2817383  
2340.0      3535.8996582    2120.7529297    2464.6115723  
2360.0      3560.5830078    2139.1789551    2466.9216309  
2380.0      3585.1440430    2157.5261230    2469.2124023  
2400.0      3609.5861816    2175.7961426    2471.4843750  
2420.0      3633.9086914    2193.9880371    2473.7373047  
2440.0      3658.1174316    2212.1062012    2475.9724121  
2460.0      3682.2136230    2230.1513672    2478.1896973  
2480.0      3706.1997070    2248.1252441    2480.3896484  
2500.0      3730.0781250    2266.0288086    2482.5725098  
2520.0      3748.7548828    2278.1474609    2484.7387695  
2540.0      3767.3278809    2290.1989746    2486.8886719  
2560.0      3785.7993164    2302.1843262    2489.0227051  
2580.0      3804.1718750    2314.1047363    2491.1408691  
2600.0      3822.4470215    2325.9611816    2493.2436523  
2620.0      3840.6262207    2337.7556152    2495.3315430  
2640.0      3858.7111816    2349.4877930    2497.4042969  
2660.0      3876.7045898    2361.1604004    2499.4628906  
2680.0      3894.6081543    2371.1796875    2501.5068359  
2700.0      3912.4221191    2380.5822754    2503.5371094  
2720.0      3930.1494141    2389.9343262    2505.5534668  
2740.0      3947.7907715    2399.2370605    2507.5561523  
2760.0      3965.3486328    2408.4916992    2509.5458984  
2780.0      3982.8232422    2417.6982422    2511.5224609  
2800.0      4000.2172852    2426.8581543    2513.4860840  
2820.0      4017.5310059    2435.9716797    2515.4370117  
2840.0      4034.7656250    2445.0397949    2517.3757324  
2860.0      4051.9240723    2454.0634766    2519.3022461  
2880.0      4069.0063477    2463.0437012    2521.2167969  
2900.0      4086.0136719    2471.9799805    2523.1196289  
2920.0      4102.9477539    2480.8747559    2525.0107422  
2940.0      4119.8110352    2489.7280273    2526.8906250  
2960.0      4136.6015625    2498.5395508    2528.7590332  
2980.0      4153.3198242    2507.3093262    2530.6162109  
3000.0      4169.9716797    2516.0405273    2532.4626465  
3020.0      4185.7207031    2522.9545898    2534.2983398  
3040.0      4201.4028320    2529.8300781    2536.1235352  
3060.0      4217.0190430    2536.6669922    2537.9382324  
3080.0      4232.5712891    2543.4672852    2539.7426758  
3100.0      4248.0585938    2550.2299805    2541.5371094  
3120.0      4263.4833984    2556.9567871    2543.3215332  
3140.0      4278.8461914    2563.6474609    2545.0961914  
3160.0      4294.1464844    2570.3022461    2546.8610840  
3180.0      4309.3872070    2576.9226074    2548.6164551  
3200.0      4324.5678711    2583.5085449    2550.3625488  
3220.0      4339.6904297    2590.0605469    2552.0991211  
3240.0      4354.7548828    2596.5793457    2553.8269043  
3260.0      4369.7617188    2603.0644531    2555.5454102  
3280.0      4384.7124023    2609.5173340    2557.2548828  
3300.0      4399.6074219    2615.9382324    2558.9558105  
3320.0      4414.4482422    2622.3273926    2560.6479492  
3340.0      4429.2329102    2628.6848145    2562.3315430  
3360.0      4448.4555664    2637.6042480    2564.7155762  
3380.0      4471.1406250    2648.5224609    2567.6464844  
3400.0      4493.6098633    2659.3161621    2570.5432129  
3420.0      4515.8691406    2669.9887695    2573.4067383  
3440.0      4537.9282227    2680.5456543    2576.2387695  
3460.0      4559.7856445    2690.9860840    2579.0390625  
3480.0      4581.4589844    2701.3203125    2581.8100586  
3500.0      4602.9433594    2711.5456543    2584.5515137  
3520.0      4635.0322266    2737.1730957    2587.2644043  
3540.0      4666.9467773    2762.6999512    2589.9497070  
3560.0      4698.6928711    2788.1293945    2592.6086426  
3580.0      4730.2739258    2813.4638672    2595.2412109  
3600.0      4761.6938477    2838.7055664    2597.8486328  
3620.0      4792.9589844    2863.8571777    2600.4316406  
3640.0      4824.0712891    2888.9206543    2602.9902344  
3660.0      4855.0356445    2913.8991699    2605.5256348  
3680.0      4885.8554688    2938.7939453    2608.0380859  
3700.0      4916.5341797    2963.6076660    2610.5283203  
3720.0      4947.0761719    2988.3420410    2612.9970703  
3740.0      4472.4433594    2431.2714844    2535.6987305  
3760.0      4491.1186523    2449.2915039    2536.2934570  
3780.0      4509.7939453    2467.3110352    2536.8884277  
3800.0      4528.4687500    2485.3305664    2537.4833984  
3820.0      4547.1435547    2503.3500977    2538.0781250  
3840.0      4565.8193359    2521.3701172    2538.6730957  
3860.0      4584.4941406    2539.3894043    2539.2680664  
3880.0      4603.1694336    2557.4091797    2539.8627930  
3900.0      4621.8442383    2575.4287109    2540.4577637  
3920.0      4640.5195312    2593.4482422    2541.0527344  
3940.0      4659.1953125    2611.4682617    2541.6474609  
3960.0      4677.8696289    2629.4873047    2542.2424316  
3980.0      4696.5449219    2647.5070801    2542.8374023  
4000.0      4715.2202148    2665.5266113    2543.4321289  
4020.0      4726.5815430    2668.8986816    2544.0270996  
4040.0      4737.9428711    2672.2705078    2544.6220703  
4060.0      4749.3041992    2675.6423340    2545.2167969  
4080.0      4760.6660156    2679.0144043    2545.8117676  
4100.0      4772.0268555    2682.3862305    2546.4067383  
4120.0      4783.3881836    2685.7583008    2547.0014648  
4140.0      4794.7500000    2689.1301270    2547.5964355  
4160.0      4806.1113281    2692.5024414    2548.1914062  
4180.0      4817.4726562    2695.8740234    2548.7861328  
4200.0      4828.8339844    2699.2460938    2549.3811035  
4220.0      4840.1958008    2702.6179199    2549.9760742  
4240.0      4851.5571289    2705.9899902    2550.5708008  
4260.0      4862.9179688    2709.3618164    2551.1657715  
4280.0      4874.2792969    2712.7338867    2551.7607422  
4300.0      4885.6411133    2716.1059570    2552.3554688  
4320.0      4897.0024414    2719.4775391    2552.9504395  
4340.0      4908.3637695    2722.8496094    2553.5454102  
4360.0      4919.7255859    2726.2214355    2554.1401367  
4380.0      4931.0869141    2729.5935059    2554.7351074  
4400.0      4942.4482422    2732.9653320    2555.3300781  
4420.0      4953.8090820    2736.3374023    2555.9248047  
4440.0      4965.1713867    2739.7094727    2556.5197754  
4460.0      4976.5322266    2743.0810547    2557.1147461  
4480.0      4987.8935547    2746.4531250    2557.7094727  
4500.0      4999.2548828    2749.8249512    2558.3044434  
4520.0      5013.3764648    2757.3173828    2558.8994141  
4540.0      5027.4975586    2764.8100586    2559.4941406  
4560.0      5041.6186523    2772.3024902    2560.0891113  
4580.0      5055.7392578    2779.7949219    2560.6840820  
4600.0      5069.8608398    2787.2873535    2561.2790527  
4620.0      5083.9814453    2794.7797852    2561.8737793  
4640.0      5098.1030273    2802.2724609    2562.4687500  
4660.0      5112.2241211    2809.7646484    2563.0634766  
4680.0      5126.3452148    2817.2568359    2563.6584473  
4700.0      5140.4658203    2824.7495117    2564.2534180  
4720.0      5154.5874023    2832.2416992    2564.8481445  
4740.0      5168.7084961    2839.7343750    2565.4431152  
4760.0      5182.8300781    2847.2268066    2566.0380859  
4780.0      5196.9506836    2854.7192383    2566.6328125  
4800.0      5211.0717773    2862.2116699    2567.2277832  
4820.0      5225.1928711    2869.7038574    2567.8227539  
4840.0      5239.3139648    2877.1962891    2568.4174805  
4860.0      5253.4350586    2884.6889648    2569.0124512  
4880.0      5267.5566406    2892.1811523    2569.6074219  
4900.0      5281.6772461    2899.6738281    2570.2021484  
4920.0      5295.7983398    2907.1660156    2570.7971191  
4940.0      5309.9199219    2914.6586914    2571.3920898  
4960.0      5324.0405273    2922.1511230    2571.9868164  
4980.0      5338.1616211    2929.6435547    2572.5817871  
5000.0      5352.2827148    2937.1359863    2573.1767578  
