# CE_24852 -118.28532538 34.02442654
# 
# Depth (m)   Vp (m/s)        Vs(m/s)      Density(kg/m3)
   0.0       404.7470093     184.7149963    1928.9095459  
  20.0      1163.5000000     474.9968567    2048.7165527  
  40.0      1299.9000244     538.3120728    2070.2541504  
  60.0      1312.1704102     544.8265381    2072.1916504  
  80.0      1304.2818604     540.6360474    2070.9460449  
 100.0      1301.5684814     539.1966553    2070.5175781  
 120.0      1311.2843018     544.3554688    2072.0517578  
 140.0      1338.3134766     558.7725220    2076.3198242  
 160.0      1385.4299316     584.1300049    2083.7592773  
 180.0      1453.4459229     621.2311401    2094.4990234  
 200.0      1541.3601074     670.0245972    2108.3808594  
 220.0      1591.0615234     698.0134277    2116.2285156  
 240.0      1637.8366699     724.6137085    2123.6145020  
 260.0      1682.0827637     750.0013428    2130.6008301  
 280.0      1724.1158447     774.3185425    2137.2377930  
 300.0      1764.1937256     797.6820068    2143.5661621  
 320.0      1802.5291748     820.1887207    2149.6193848  
 340.0      1839.2996826     841.9201050    2155.4252930  
 360.0      1874.6560059     862.9464722    2161.0083008  
 380.0      1908.7266846     883.3270264    2166.3879395  
 400.0      1941.6224365     903.1141968    2171.5822754  
 420.0      1973.4401855     922.3535156    2176.6062012  
 440.0      2004.2636719     941.0846558    2181.4731445  
 460.0      2034.1671143     959.3435669    2186.1950684  
 480.0      2063.2160645     977.1607666    2190.7817383  
 500.0      2091.4697266     994.5654907    2195.2431641  
 520.0      2287.4960938    1131.3867188    2222.8015137  
 540.0      2298.5456543    1141.3554688    2226.0566406  
 560.0      2309.3552246    1151.2016602    2229.2321777  
 580.0      2319.9377441    1160.9315186    2232.3332520  
 600.0      2330.3066406    1170.5515137    2235.3637695  
 620.0      2340.4738770    1180.0672607    2238.3273926  
 640.0      2350.4497070    1189.4838867    2241.2285156  
 660.0      2360.2441406    1198.8061523    2244.0695801  
 680.0      2369.8659668    1208.0383301    2246.8537598  
 700.0      2379.3244629    1217.1846924    2249.5839844  
 720.0      2388.6267090    1226.2490234    2252.2626953  
 740.0      2397.7797852    1235.2347412    2254.8923340  
 760.0      2406.7905273    1244.1450195    2257.4746094  
 780.0      2415.6647949    1252.9829102    2260.0124512  
 800.0      2424.4089355    1261.7517090    2262.5070801  
 820.0      2433.0278320    1270.4536133    2264.9604492  
 840.0      2441.5268555    1279.0914307    2267.3745117  
 860.0      2449.9108887    1287.6672363    2269.7502441  
 880.0      2458.1838379    1296.1833496    2272.0895996  
 900.0      2466.3500977    1304.6420898    2274.3937988  
 920.0      2474.4138184    1313.0451660    2276.6640625  
 940.0      2482.3784180    1321.3944092    2278.9016113  
 960.0      2490.2473145    1329.6918945    2281.1079102  
 980.0      2498.0239258    1337.9388428    2283.2834473  
1000.0      2505.7114258    1346.1373291    2285.4299316  
1020.0      2515.9721680    1356.0568848    2287.5476074  
1040.0      2526.1494141    1365.9306641    2289.6379395  
1060.0      2536.2460938    1375.7603760    2291.7019043  
1080.0      2546.2641602    1385.5466309    2293.7397461  
1100.0      2556.2067871    1395.2908936    2295.7526855  
1120.0      2566.0756836    1404.9946289    2297.7414551  
1140.0      2575.8735352    1414.6590576    2299.7065430  
1160.0      2585.6015625    1424.2845459    2302.1445312  
1180.0      2595.2624512    1433.8726807    2304.6420898  
1200.0      2604.8581543    1443.4243164    2307.1115723  
1220.0      2614.3901367    1452.9406738    2309.5539551  
1240.0      2623.8601074    1462.4219971    2311.9694824  
1260.0      2633.2700195    1471.8697510    2314.3593750  
1280.0      2642.6213379    1481.2843018    2316.7238770  
1300.0      2651.9155273    1493.3236084    2319.0642090  
1320.0      2661.1538086    1509.0844727    2321.3803711  
1340.0      2670.3381348    1524.7595215    2323.6733398  
1360.0      2679.4692383    1540.3511963    2325.9438477  
1380.0      2688.5488281    1555.8604736    2328.1918945  
1400.0      2697.5783691    1571.2902832    2330.4187012  
1420.0      2706.5585938    1586.6411133    2332.6240234  
1440.0      2715.4902344    1601.9146729    2334.8088379  
1460.0      2724.3750000    1617.1137695    2336.9733887  
1480.0      2734.8889160    1632.2395020    2339.1184082  
1500.0      2752.1899414    1647.2935791    2341.2443848  
1520.0      2770.6606445    1659.4934082    2343.3513184  
1540.0      2789.0146484    1671.6245117    2345.4399414  
1560.0      2807.2548828    1683.6878662    2347.5104980  
1580.0      2825.3833008    1695.6851807    2349.5634766  
1600.0      2843.4025879    1707.6173096    2351.5991211  
1620.0      2861.3146973    1719.4855957    2353.6179199  
1640.0      2879.1230469    1731.2923584    2355.6203613  
1660.0      2896.8278809    1743.0369873    2357.6062012  
1680.0      2914.4316406    1754.7215576    2359.5764160  
1700.0      2931.9377441    1766.3472900    2361.5310059  
1720.0      2949.3464355    1777.9147949    2363.4702148  
1740.0      2966.6606445    1789.4260254    2365.3947754  
1760.0      2983.8815918    1800.8808594    2367.3044434  
1780.0      3001.0112305    1812.2808838    2369.1997070  
1800.0      3018.0515137    1823.6269531    2371.0808105  
1820.0      3035.0041504    1834.9201660    2372.9479980  
1840.0      3052.4130859    1846.5419922    2374.8872070  
1860.0      3076.1420898    1862.6148682    2377.8247070  
1880.0      3099.6164551    1878.5288086    2380.7216797  
1900.0      3122.8481445    1894.2916260    2383.5803223  
1920.0      3145.8442383    1909.9074707    2386.4018555  
1940.0      3168.6130371    1925.3814697    2389.1875000  
1960.0      3191.1630859    1940.7188721    2391.9387207  
1980.0      3213.5017090    1955.9238281    2394.6564941  
2000.0      3235.6352539    1971.0001221    2397.3417969  
2020.0      3259.3532715    1986.6195068    2399.9958496  
2040.0      3282.8779297    2002.1171875    2402.6193848  
2060.0      3306.2194824    2017.5004883    2405.2141113  
2080.0      3329.3779297    2032.7675781    2407.7797852  
2100.0      3352.3623047    2047.9257812    2410.3181152  
2120.0      3375.1765137    2062.9763184    2412.8295898  
2140.0      3397.8254395    2077.9223633    2415.3146973  
2160.0      3420.3142090    2092.7675781    2417.7749023  
2180.0      3442.6467285    2107.5134277    2420.2099609  
2200.0      3464.8251953    2122.1621094    2422.6210938  
2220.0      3486.8596191    2136.7192383    2425.0092773  
2240.0      3508.7485352    2151.1845703    2427.3747559  
2260.0      3530.4956055    2165.5593262    2429.7175293  
2280.0      3552.1062012    2179.8474121    2432.0388184  
2300.0      3573.5834961    2194.0505371    2434.3391113  
2320.0      3594.9306641    2208.1708984    2436.6188965  
2340.0      3616.1503906    2222.2097168    2438.8784180  
2360.0      3637.2456055    2236.1691895    2441.1184082  
2380.0      3658.2189941    2250.0507812    2443.3391113  
2400.0      3679.0756836    2263.8583984    2445.5415039  
2420.0      3699.8154297    2277.5905762    2447.7253418  
2440.0      3720.4418945    2291.2500000    2449.8911133  
2460.0      3740.9565430    2304.8381348    2452.0395508  
2480.0      3761.3637695    2318.3571777    2454.1708984  
2500.0      3781.6643066    2331.8076172    2456.2854004  
2520.0      3793.1013184    2337.8298340    2458.3833008  
2540.0      3804.4382324    2343.7883301    2460.4655762  
2560.0      3815.6735840    2349.6811523    2462.5317383  
2580.0      3826.8107910    2355.5104980    2464.5825195  
2600.0      3837.8505859    2361.2770996    2466.6179199  
2620.0      3848.7971191    2366.9831543    2468.6384277  
2640.0      3859.6518555    2372.6301270    2470.6445312  
2660.0      3870.4177246    2378.2202148    2472.6367188  
2680.0      3881.0942383    2383.7519531    2474.6147461  
2700.0      3891.6828613    2389.2263184    2476.5786133  
2720.0      3902.1857910    2394.6457520    2478.5292969  
2740.0      3912.6049805    2400.0102539    2480.4665527  
2760.0      3922.9421387    2405.3220215    2482.3911133  
2780.0      3933.1972656    2410.5798340    2484.3024902  
2800.0      3943.3732910    2415.7866211    2486.2014160  
2820.0      3953.4719238    2420.9428711    2488.0881348  
2840.0      3963.4919434    2426.0478516    2489.9624023  
2860.0      3973.4370117    2431.1037598    2491.8247070  
2880.0      3983.3088379    2436.1125488    2493.6757812  
2900.0      3993.1049805    2441.0710449    2495.5146484  
2920.0      4002.8310547    2445.9841309    2497.3425293  
2940.0      4012.4851074    2450.8500977    2499.1591797  
2960.0      4022.0700684    2454.6503906    2500.9648438  
2980.0      4031.5866699    2457.5258789    2502.7595215  
3000.0      4041.0356445    2460.3623047    2504.5437012  
3020.0      4049.2673340    2462.3613281    2506.3173828  
3040.0      4057.4335938    2464.3227539    2508.0805664  
3060.0      4065.5349121    2466.2465820    2509.8337402  
3080.0      4073.5734863    2468.1345215    2511.5769043  
3100.0      4081.5493164    2469.9858398    2513.3100586  
3120.0      4089.4633789    2471.8015137    2515.0336914  
3140.0      4097.3164062    2473.5820312    2516.7475586  
3160.0      4105.1098633    2475.3281250    2518.4519043  
3180.0      4112.8442383    2477.0402832    2520.1469727  
3200.0      4120.5205078    2478.7187500    2521.8330078  
3220.0      4128.1391602    2480.3640137    2523.5097656  
3240.0      4135.7016602    2481.9765625    2525.1777344  
3260.0      4143.2084961    2483.5573730    2526.8369141  
3280.0      4150.6601562    2485.1059570    2528.4875488  
3300.0      4158.0571289    2486.6232910    2530.1293945  
3320.0      4165.4003906    2488.1096191    2531.7626953  
3340.0      4172.6914062    2489.5659180    2533.3879395  
3360.0      4179.9301758    2490.9914551    2535.0046387  
3380.0      4187.1176758    2492.3876953    2536.6135254  
3400.0      4194.2539062    2493.7546387    2538.2141113  
3420.0      4201.3408203    2495.0927734    2539.8071289  
3440.0      4208.3779297    2496.4020996    2541.3920898  
3460.0      4215.3652344    2497.6831055    2542.9692383  
3480.0      4222.3051758    2498.9365234    2544.5390625  
3500.0      4229.1992188    2500.1633301    2546.1013184  
3520.0      4235.7158203    2502.4108887    2547.6560059  
3540.0      4242.1860352    2504.6320801    2549.2033691  
3560.0      4248.6103516    2506.8266602    2550.7436523  
3580.0      4254.9892578    2508.9948730    2552.2763672  
3600.0      4261.3212891    2511.1364746    2553.8020020  
3620.0      4267.6118164    2513.2536621    2555.3208008  
3640.0      4273.8579102    2515.3452148    2556.8330078  
3660.0      4280.0610352    2517.4121094    2558.3381348  
3680.0      4286.2207031    2519.4538574    2559.8364258  
3700.0      4292.3378906    2521.4711914    2561.3281250  
3720.0      4298.4140625    2523.4645996    2562.8132324  
3740.0      4304.4482422    2525.4343262    2564.2917480  
3760.0      4310.4423828    2527.3801270    2565.7639160  
3780.0      4316.3955078    2529.3027344    2567.2294922  
3800.0      4322.3090820    2531.2023926    2568.6889648  
3820.0      4328.1835938    2533.0795898    2570.1423340  
3840.0      4334.0180664    2534.9335938    2571.5893555  
3860.0      4339.8149414    2536.7658691    2573.0302734  
3880.0      4345.5722656    2538.5754395    2574.4650879  
3900.0      4351.2924805    2540.3635254    2575.8940430  
3920.0      4356.9755859    2542.1301270    2577.3171387  
3940.0      4362.6210938    2543.8747559    2578.7343750  
3960.0      4368.2304688    2545.5991211    2580.1457520  
3980.0      4373.8037109    2547.3020020    2581.5512695  
4000.0      4379.3398438    2548.9838867    2582.9511719  
4020.0      4389.1518555    2552.3911133    2584.3457031  
4040.0      4404.3803711    2558.9255371    2586.5952148  
4060.0      4422.9833984    2567.4079590    2589.3776855  
4080.0      4441.3881836    2575.7761230    2592.1289062  
4100.0      4459.5966797    2584.0307617    2594.8491211  
4120.0      4477.6191406    2592.1784668    2597.5400391  
4140.0      4495.4614258    2600.2216797    2600.2023926  
4160.0      4513.1264648    2608.1628418    2602.8366699  
4180.0      4530.6196289    2616.0046387    2605.4438477  
4200.0      4547.9482422    2623.7514648    2608.0251465  
4220.0      4565.1166992    2631.4057617    2610.5810547  
4240.0      4582.1235352    2638.9670410    2613.1115723  
4260.0      4598.9790039    2646.4404297    2615.6181641  
4280.0      4615.6850586    2653.8278809    2618.1010742  
4300.0      4632.2460938    2661.1315918    2620.5610352  
4320.0      4648.6655273    2668.3537598    2622.9990234  
4340.0      4664.9497070    2675.4973145    2625.4152832  
4360.0      4681.0961914    2682.5617676    2627.8098145  
4380.0      4697.1098633    2689.5490723    2630.1833496  
4400.0      4712.9970703    2696.4641113    2632.5371094  
4420.0      4728.7597656    2703.3066406    2634.8710938  
4440.0      4608.5791016    2651.3762207    2615.7397461  
4460.0      4614.5336914    2655.4570312    2616.5249023  
4480.0      4620.4887695    2659.5380859    2617.3103027  
4500.0      4626.4438477    2663.6188965    2618.0957031  
4520.0      4640.4790039    2672.0815430    2618.8808594  
4540.0      4654.5141602    2680.5446777    2619.6662598  
4560.0      4668.5498047    2689.0073242    2620.4516602  
4580.0      4682.5859375    2697.4699707    2621.2373047  
4600.0      4696.6206055    2705.9331055    2622.0224609  
4620.0      4710.6557617    2714.3957520    2622.8076172  
4640.0      4724.6914062    2722.8586426    2623.5932617  
4660.0      4738.7265625    2731.3215332    2624.3784180  
4680.0      4752.7622070    2739.7841797    2625.1640625  
4700.0      4766.7968750    2748.2468262    2625.9492188  
4720.0      4780.8330078    2756.7097168    2626.7346191  
4740.0      4794.8681641    2765.1728516    2627.5200195  
4760.0      4808.9033203    2773.6352539    2628.3051758  
4780.0      4822.9384766    2782.0981445    2629.0905762  
4800.0      4836.9736328    2790.5610352    2629.8759766  
4820.0      4851.0092773    2799.0236816    2630.6613770  
4840.0      4865.0454102    2807.4865723    2631.4467773  
4860.0      4879.0800781    2815.9492188    2632.2319336  
4880.0      4893.1152344    2824.4123535    2633.0173340  
4900.0      4907.1508789    2832.8747559    2633.8027344  
4920.0      4921.1860352    2841.3376465    2634.5881348  
4940.0      4935.2211914    2849.8007812    2635.3735352  
4960.0      4949.2568359    2858.2631836    2636.1586914  
4980.0      4963.2924805    2866.7263184    2636.9443359  
5000.0      4977.3276367    2875.1889648    2637.7294922  
