# CE_13885 -117.95579182 33.75705533
# 
# Depth (m)   Vp (m/s)        Vs(m/s)      Density(kg/m3)
   0.0       393.7337646     165.1857910    1927.1705322  
  20.0      1337.1624756     355.7490234    2076.1379395  
  40.0      1528.9365234     458.1394653    2106.4191895  
  60.0      1311.2485352     482.2000122    2072.0461426  
  80.0      1298.7935791     526.3900146    2070.0795898  
 100.0      1287.1757812     559.8800049    2068.2451172  
 120.0      1283.4519043     584.2700195    2067.6569824  
 140.0      1292.6417236     602.5700073    2069.1081543  
 160.0      1317.9460449     547.8998413    2073.1037598  
 180.0      1360.8555908     570.8688354    2079.8791504  
 200.0      1421.2578125     603.6013184    2089.4165039  
 220.0      1467.0540771     628.7229614    2096.6479492  
 240.0      1510.1558838     652.5998535    2103.4536133  
 260.0      1550.9288330     675.3906860    2109.8916016  
 280.0      1589.6634521     681.7999878    2116.0078125  
 300.0      1626.5974121     681.7999878    2121.8398438  
 320.0      1661.9261475     738.4088745    2127.4182129  
 340.0      1695.8135986     757.9238892    2132.7690430  
 360.0      1728.3980713     776.8067627    2137.9140625  
 380.0      1759.7980957     795.1111450    2142.8720703  
 400.0      1790.1165771     812.8843994    2147.6594238  
 420.0      1819.4406738     830.1662598    2152.2897949  
 440.0      1847.8491211     846.9929199    2156.7753906  
 460.0      1875.4099121     863.3961182    2161.1271973  
 480.0      1902.1835938     879.4039917    2165.3547363  
 500.0      1928.2239990     895.0419312    2169.4665527  
 520.0      1953.5788574     910.3324585    2173.4702148  
 540.0      1978.2934570     925.2967529    2177.3725586  
 560.0      2002.4056396     939.9531860    2181.1799316  
 580.0      2025.9492188     954.3173828    2184.8974609  
 600.0      2048.9592285     968.4064941    2188.5307617  
 620.0      2071.4628906     982.2333374    2192.0839844  
 640.0      2093.4885254     995.8118286    2195.5617676  
 660.0      2052.9716797    1070.8348389    2222.3256836  
 680.0      2066.6218262    1078.4169922    2224.8918457  
 700.0      2080.1208496    1085.9222412    2227.4084473  
 720.0      2093.4765625    1093.3541260    2229.8776855  
 740.0      2106.6940918    1100.7152100    2232.3012695  
 760.0      2119.7805176    1108.0089111    2234.6816406  
 780.0      2132.7421875    1115.2379150    2237.0207520  
 800.0      2145.5830078    1122.4046631    2239.3200684  
 820.0      2158.3085938    1129.5114746    2241.5815430  
 840.0      2170.9235840    1136.5609131    2243.8066406  
 860.0      2183.4328613    1143.5550537    2245.9965820  
 880.0      2195.8398438    1150.4953613    2248.1528320  
 900.0      2208.1481934    1157.3843994    2250.2768555  
 920.0      2220.3623047    1164.2236328    2252.3696289  
 940.0      2232.4846191    1171.0145264    2254.4321289  
 960.0      2244.5190430    1177.7589111    2256.4655762  
 980.0      2256.4685059    1184.4581299    2258.4709473  
1000.0      2268.3356934    1191.1137695    2260.4497070  
1020.0      2280.4497070    1198.7735596    2262.4016113  
1040.0      2292.4863281    1206.3922119    2264.3283691  
1060.0      2304.4492188    1213.9714355    2266.2307129  
1080.0      2316.3398438    1221.5117188    2268.1093750  
1100.0      2328.1601562    1229.0146484    2269.9648438  
1120.0      2339.9130859    1236.4808350    2271.7978516  
1140.0      2351.6005859    1243.9119873    2273.6096191  
1160.0      2363.2233887    1251.3081055    2275.3999023  
1180.0      2374.7846680    1258.6706543    2277.1696777  
1200.0      2386.2854004    1266.0006104    2278.9196777  
1220.0      2397.7275391    1273.2985840    2280.6501465  
1240.0      2409.1130371    1280.5657959    2282.3625488  
1260.0      2420.4426270    1287.8026123    2284.0561523  
1280.0      2431.7182617    1295.0097656    2285.7319336  
1300.0      2442.9411621    1302.1881104    2287.3901367  
1320.0      2454.1132812    1309.3386230    2289.0317383  
1340.0      2465.2346191    1316.4610596    2290.6567383  
1360.0      2476.3076172    1323.5568848    2292.2658691  
1380.0      2487.3325195    1330.6263428    2293.8591309  
1400.0      2498.3117676    1337.6704102    2295.4370117  
1420.0      2509.2446289    1344.6888428    2296.9997559  
1440.0      2520.1345215    1351.6835938    2298.5483398  
1460.0      2530.9809570    1358.6540527    2300.1071777  
1480.0      2541.7844238    1365.6008301    2302.0844727  
1500.0      2552.5463867    1372.5244141    2304.0439453  
1520.0      2559.7333984    1376.3811035    2305.9860840  
1540.0      2566.8811035    1380.2153320    2307.9111328  
1560.0      2573.9902344    1384.0284424    2309.8198242  
1580.0      2581.0612793    1387.8200684    2311.7124023  
1600.0      2588.0952148    1391.5910645    2313.5888672  
1620.0      2595.0930176    1395.3415527    2315.4497070  
1640.0      2602.0551758    1399.0718994    2317.2954102  
1660.0      2608.9821777    1405.6113281    2319.1262207  
1680.0      2615.8754883    1414.3281250    2320.9423828  
1700.0      2622.7353516    1422.9921875    2322.7441406  
1720.0      2629.5620117    1431.6040039    2324.5319824  
1740.0      2636.3566895    1440.1646729    2326.3056641  
1760.0      2643.1198730    1448.6756592    2328.0661621  
1780.0      2649.8520508    1457.1372070    2329.8132324  
1800.0      2656.5537109    1465.5500488    2331.5471191  
1820.0      2663.2258301    1473.9160156    2333.2685547  
1840.0      2669.8684082    1482.2346191    2334.9770508  
1860.0      2676.4824219    1490.5074463    2336.6733398  
1880.0      2683.0681152    1498.7351074    2338.3576660  
1900.0      2694.9482422    1506.9185791    2340.0300293  
1920.0      2708.1240234    1515.0579834    2341.6906738  
1940.0      2721.2270508    1523.1544189    2343.3398438  
1960.0      2734.2590332    1531.2086182    2344.9775391  
1980.0      2747.2202148    1539.2213135    2346.6044922  
2000.0      2760.1125488    1547.1928711    2348.2202148  
2020.0      2773.7778320    1555.7609863    2349.8254395  
2040.0      2787.3759766    1564.2889404    2351.4199219  
2060.0      2800.9084473    1572.7777100    2353.0039062  
2080.0      2814.3764648    1581.2283936    2354.5778809  
2100.0      2827.7807617    1589.6412354    2356.1418457  
2120.0      2841.1218262    1598.0159912    2357.6958008  
2140.0      2854.4016113    1606.3541260    2359.2399902  
2160.0      2867.6206055    1614.6558838    2360.7746582  
2180.0      2880.7802734    1622.9221191    2362.2998047  
2200.0      2893.8808594    1631.1530762    2363.8159180  
2220.0      2906.9230957    1639.3488770    2365.3225098  
2240.0      2919.9082031    1647.5106201    2366.8203125  
2260.0      2932.8383789    1655.6390381    2368.3093262  
2280.0      2945.7109375    1663.7329102    2369.7893066  
2300.0      2958.5295410    1671.7940674    2371.2607422  
2320.0      2971.2944336    1679.8231201    2372.7236328  
2340.0      2984.0075684    1687.8205566    2374.1782227  
2360.0      2996.6657715    1695.7852783    2375.6245117  
2380.0      3009.2741699    1703.7193604    2377.0625000  
2400.0      3021.8320312    1711.6230469    2378.4929199  
2420.0      3034.3395996    1719.4963379    2379.9150391  
2440.0      3046.7954102    1727.3382568    2381.3293457  
2460.0      3059.2041016    1735.1516113    2382.7360840  
2480.0      3071.5646973    1742.9355469    2384.1350098  
2500.0      3083.8776855    1750.6905518    2385.5266113  
2520.0      3093.6215820    1754.6705322    2386.9108887  
2540.0      3103.3195801    1758.6220703    2388.2875977  
2560.0      3112.9716797    1762.5461426    2389.6574707  
2580.0      3122.5788574    1766.4427490    2391.0200195  
2600.0      3132.1416016    1770.3118896    2392.3754883  
2620.0      3141.6601562    1774.1542969    2393.7241211  
2640.0      3151.1354980    1777.9700928    2395.0659180  
2660.0      3160.5678711    1781.7595215    2396.4008789  
2680.0      3169.9584961    1785.5238037    2397.7292480  
2700.0      3179.3071289    1789.2615967    2399.0507812  
2720.0      3188.6140137    1792.9743652    2400.3662109  
2740.0      3197.8803711    1796.6618652    2401.6748047  
2760.0      3207.1074219    1800.3253174    2402.9772949  
2780.0      3216.2937012    1803.9638672    2404.2734375  
2800.0      3225.4414062    1807.5784912    2405.5634766  
2820.0      3234.5498047    1811.1687012    2406.8471680  
2840.0      3243.6198730    1814.7355957    2408.1250000  
2860.0      3252.6520996    1818.2788086    2409.3967285  
2880.0      3261.6469727    1821.7993164    2410.6625977  
2900.0      3270.6049805    1825.2967529    2411.9228516  
2920.0      3279.5263672    1828.7716064    2413.1770020  
2940.0      3288.4106445    1832.2236328    2414.4255371  
2960.0      3297.2602539    1835.6540527    2415.6684570  
2980.0      3306.0744629    1839.0623779    2416.9057617  
3000.0      3328.5312500    1852.2694092    2420.2973633  
3020.0      3386.2143555    1889.0006104    2430.5957031  
3040.0      3439.1662598    1922.5290527    2440.1472168  
3060.0      3488.1379395    1953.3521729    2449.0703125  
3080.0      3533.7158203    1981.8601074    2457.4575195  
3100.0      3576.3549805    2008.3564453    2465.3803711  
3120.0      3616.4328613    2033.0949707    2472.8991699  
3140.0      3654.2451172    2056.2731934    2480.0600586  
3160.0      3690.0488281    2078.0656738    2486.9038086  
3180.0      3724.0483398    2098.6096191    2493.4628906  
3200.0      3756.4267578    2118.0292969    2499.7656250  
3220.0      3787.3322754    2130.2336426    2505.8359375  
3240.0      3816.8969727    2141.4172363    2511.6945801  
3260.0      3845.2351074    2151.8928223    2517.3596191  
3280.0      3872.4458008    2161.7177734    2522.8466797  
3300.0      3898.6149902    2170.9411621    2528.1689453  
3320.0      3923.8227539    2179.6096191    2533.3398438  
3340.0      3948.1352539    2187.7612305    2538.3691406  
3360.0      3971.6169434    2195.4331055    2543.2670898  
3380.0      3994.3168945    2202.6533203    2548.0419922  
3400.0      4016.2902832    2209.4543457    2552.7019043  
3420.0      4037.5798340    2215.8605957    2557.2539062  
3440.0      4058.2255859    2221.8952637    2561.7041016  
3460.0      4078.2653809    2227.5795898    2566.0588379  
3480.0      4082.4770508    2224.1259766    2567.9143066  
3500.0      4082.0639648    2218.0021973    2569.0393066  
3520.0      4089.4445801    2219.9196777    2570.1611328  
3540.0      4096.8012695    2221.8229980    2571.2792969  
3560.0      4104.1337891    2223.7126465    2572.3935547  
3580.0      4111.4433594    2225.5888672    2573.5041504  
3600.0      4118.7280273    2227.4509277    2574.6108398  
3620.0      4125.9916992    2229.3007812    2575.7143555  
3640.0      4133.2343750    2231.1381836    2576.8144531  
3660.0      4140.4521484    2232.9616699    2577.9104004  
3680.0      4147.6479492    2234.7722168    2579.0031738  
3700.0      4154.8212891    2236.5698242    2580.0922852  
3720.0      4161.9726562    2238.3549805    2581.1779785  
3740.0      4169.1015625    2240.1269531    2582.2600098  
3760.0      4176.2099609    2241.8872070    2583.3388672  
3780.0      4183.2963867    2243.6342773    2584.4143066  
3800.0      4190.3632812    2245.3706055    2585.4865723  
3820.0      4197.4077148    2247.0937500    2586.5551758  
3840.0      4204.4306641    2248.8046875    2587.6206055  
3860.0      4211.4311523    2250.5024414    2588.6826172  
3880.0      4218.4130859    2252.1894531    2589.7414551  
3900.0      4225.3735352    2253.8645020    2590.7968750  
3920.0      4232.3144531    2255.5278320    2591.8493652  
3940.0      4239.2358398    2257.1799316    2592.8986816  
3960.0      4246.1342773    2258.8190918    2593.9443359  
3980.0      4253.0151367    2260.4477539    2594.9873047  
4000.0      4259.8784180    2262.0661621    2596.0273438  
4020.0      4273.0371094    2268.8916016    2597.0642090  
4040.0      4286.1762695    2275.7053223    2598.0979004  
4060.0      4299.2968750    2282.5083008    2599.1286621  
4080.0      4312.3984375    2289.3000488    2600.1562500  
4100.0      4325.4780273    2296.0793457    2601.1806641  
4120.0      4338.5415039    2302.8493652    2602.2021484  
4140.0      4351.5864258    2309.6086426    2603.2211914  
4160.0      4364.6142578    2316.3579102    2604.2370605  
4180.0      4377.6220703    2323.0959473    2605.2500000  
4200.0      4390.6137695    2329.8247070    2606.2604980  
4220.0      4403.5849609    2336.5415039    2607.2675781  
4240.0      4416.5385742    2343.2480469    2608.2719727  
4260.0      4429.4726562    2349.9431152    2609.2731934  
4280.0      4442.3906250    2356.6291504    2610.2719727  
4300.0      4455.2890625    2363.3039551    2611.2675781  
4320.0      4468.1738281    2369.9707031    2612.2612305  
4340.0      4481.0390625    2376.6264648    2613.2514648  
4360.0      4493.8896484    2383.2734375    2614.2395020  
4380.0      4506.7211914    2389.9096680    2615.2246094  
4400.0      4519.5332031    2396.5344238    2616.2065430  
4420.0      4532.3310547    2403.1511230    2617.1865234  
4440.0      4545.1123047    2409.7578125    2618.1635742  
4460.0      4557.8759766    2416.3549805    2619.1379395  
4480.0      4570.6230469    2422.9423828    2620.1096191  
4500.0      4583.3540039    2429.5205078    2621.0788574  
4520.0      4602.0419922    2440.8432617    2622.0456543  
4540.0      4620.7138672    2452.1569824    2623.0097656  
4560.0      4639.3696289    2463.4614258    2623.9714355  
4580.0      4658.0087891    2474.7563477    2624.9304199  
4600.0      4676.6328125    2486.0424805    2625.8869629  
4620.0      4695.2407227    2497.3193359    2626.8410645  
4640.0      4713.8325195    2508.5864258    2627.7924805  
4660.0      4732.4096680    2519.8457031    2628.7416992  
4680.0      4750.9711914    2531.0954590    2629.6884766  
4700.0      4769.5170898    2542.3366699    2630.6328125  
4720.0      4788.0483398    2553.5690918    2631.5747070  
4740.0      4806.5639648    2564.7927246    2632.5141602  
4760.0      4825.0649414    2576.0075684    2633.4514160  
4780.0      4843.5502930    2587.2133789    2634.3862305  
4800.0      4862.0209961    2598.4111328    2635.3186035  
4820.0      4880.4775391    2609.6003418    2636.2487793  
4840.0      4898.9194336    2620.7814941    2637.1765137  
4860.0      4917.3461914    2631.9536133    2638.1020508  
4880.0      4935.7587891    2643.1176758    2639.0253906  
4900.0      4954.1572266    2654.2734375    2639.9462891  
4920.0      4972.5410156    2665.4208984    2640.8649902  
4940.0      4990.9130859    2676.5612793    2641.7817383  
4960.0      5009.2680664    2687.6923828    2642.6958008  
4980.0      5027.6103516    2698.8154297    2643.6079102  
5000.0      5045.9355469    2709.9291992    2644.5175781  
