# CI_RSS -117.32673958 33.97336655
# 
# Depth (m)   Vp (m/s)        Vs(m/s)      Density(kg/m3)
   0.0       348.4389954     207.2539978    1920.0185547  
  20.0      1387.3299561     487.6560059    2084.0593262  
  40.0      1708.3199463     640.0479736    2134.7436523  
  60.0      1688.2301025     753.5457153    2131.5715332  
  80.0      1696.8916016     758.5466919    2132.9392090  
 100.0      1731.2980957     778.4929199    2138.3720703  
 120.0      1803.1640625     820.5628662    2149.7197266  
 140.0      1919.1025391     889.5567627    2168.0263672  
 160.0      2081.2055664     988.2340698    2193.6223145  
 180.0      2329.1025391    1056.1324463    2243.2524414  
 200.0      2417.8193359    1050.2202148    2272.9516602  
 220.0      2446.5532227    1044.3081055    2282.8713379  
 240.0      5254.5498047    1038.3959961    2759.8464355  
 260.0      5253.2011719    1032.4838867    2759.8464355  
 280.0      5251.8530273    1026.5717773    2759.8464355  
 300.0      5250.5048828    1020.6596680    2759.8464355  
 320.0      5249.1567383    2923.8476562    2759.8464355  
 340.0      5247.8085938    2917.9355469    2759.8464355  
 360.0      5246.4604492    2912.0234375    2759.8464355  
 380.0      5245.1123047    2906.1113281    2759.8464355  
 400.0      5243.7636719    2900.1992188    2759.8464355  
 420.0      5242.4155273    2894.2871094    2759.8464355  
 440.0      5241.0673828    2888.3750000    2759.8464355  
 460.0      5239.7192383    2882.4628906    2759.8464355  
 480.0      5238.3710938    2876.5507812    2759.8464355  
 500.0      5237.0229492    2870.6386719    2759.8464355  
 520.0      5244.5551758    2877.9375000    2759.8464355  
 540.0      5252.0874023    2885.2365723    2759.8464355  
 560.0      5259.6196289    2892.5354004    2759.8464355  
 580.0      5267.1523438    2899.8344727    2759.8464355  
 600.0      5274.6845703    2907.1333008    2759.8464355  
 620.0      5282.2167969    2914.4323730    2759.8464355  
 640.0      5289.7490234    2921.7312012    2759.8464355  
 660.0      5297.2817383    2929.0302734    2759.8464355  
 680.0      5304.8139648    2936.3291016    2759.8464355  
 700.0      5312.3461914    2943.6281738    2759.8464355  
 720.0      5319.8784180    2950.9270020    2759.8464355  
 740.0      5327.4111328    2958.2260742    2759.8464355  
 760.0      5334.9433594    2965.5249023    2759.8464355  
 780.0      5342.4755859    2972.8237305    2759.8464355  
 800.0      5350.0078125    2980.1228027    2759.8464355  
 820.0      5357.5400391    2987.4218750    2759.8464355  
 840.0      5365.0727539    2994.7207031    2759.8464355  
 860.0      5372.6049805    3002.0195312    2759.8464355  
 880.0      5380.1372070    3009.3186035    2759.8464355  
 900.0      5387.6699219    3016.6174316    2759.8464355  
 920.0      5395.2021484    3023.9165039    2759.8464355  
 940.0      5402.7343750    3031.2153320    2759.8464355  
 960.0      5410.2666016    3038.5144043    2759.8464355  
 980.0      5417.7988281    3045.8132324    2759.8464355  
1000.0      5425.3564453    3053.1184082    2759.8503418  
1020.0      5435.0834961    3062.3547363    2760.1711426  
1040.0      5444.8115234    3071.5913086    2760.4919434  
1060.0      5454.5385742    3080.8273926    2760.8125000  
1080.0      5464.2666016    3090.0642090    2761.1333008  
1100.0      5473.9941406    3099.3007812    2761.4541016  
1120.0      5483.7221680    3108.5373535    2761.7749023  
1140.0      5493.4497070    3117.7736816    2762.0954590  
1160.0      5503.1767578    3127.0102539    2762.4162598  
1180.0      5512.9042969    3136.2468262    2762.7368164  
1200.0      5522.6323242    3145.4833984    2763.0576172  
1220.0      5532.3598633    3154.7194824    2763.3784180  
1240.0      5542.0874023    3163.9560547    2763.6992188  
1260.0      5551.8149414    3173.1926270    2764.0200195  
1280.0      5561.5424805    3182.4291992    2764.3405762  
1300.0      5571.2705078    3191.6657715    2764.6613770  
1320.0      5580.9980469    3200.9020996    2764.9819336  
1340.0      5590.7255859    3210.1386719    2765.3027344  
1360.0      5600.4531250    3219.3750000    2765.6235352  
1380.0      5610.1806641    3228.6115723    2765.9443359  
1400.0      5619.9082031    3237.8479004    2766.2648926  
1420.0      5629.6357422    3247.0844727    2766.5856934  
1440.0      5639.3637695    3256.3210449    2766.9064941  
1460.0      5649.0908203    3265.5576172    2767.2270508  
1480.0      5658.8183594    3274.7941895    2767.5478516  
1500.0      5668.5468750    3284.0305176    2767.8686523  
1520.0      5671.3920898    3286.6894531    2768.1894531  
1540.0      5674.2377930    3289.3486328    2768.5100098  
1560.0      5677.0834961    3292.0078125    2768.8308105  
1580.0      5679.9291992    3294.6669922    2769.1516113  
1600.0      5682.7744141    3297.3259277    2769.4721680  
1620.0      5685.6210938    3299.9851074    2769.7929688  
1640.0      5688.4663086    3302.6440430    2770.1137695  
1660.0      5691.3120117    3305.3032227    2770.4345703  
1680.0      5694.1572266    3307.9621582    2770.7551270  
1700.0      5697.0034180    3310.6213379    2771.0759277  
1720.0      5699.8496094    3313.2807617    2771.3967285  
1740.0      5702.6953125    3315.9394531    2771.7172852  
1760.0      5705.5405273    3318.5983887    2772.0380859  
1780.0      5708.3862305    3321.2578125    2772.3588867  
1800.0      5711.2324219    3323.9167480    2772.6796875  
1820.0      5714.0776367    3326.5761719    2773.0002441  
1840.0      5716.9233398    3329.2351074    2773.3210449  
1860.0      5719.7695312    3331.8940430    2773.6418457  
1880.0      5722.6152344    3334.5532227    2773.9624023  
1900.0      5725.4609375    3337.2121582    2774.2832031  
1920.0      5728.3066406    3339.8713379    2774.6040039  
1940.0      5731.1523438    3342.5305176    2774.9248047  
1960.0      5733.9980469    3345.1896973    2775.2453613  
1980.0      5736.8437500    3347.8488770    2775.5661621  
2000.0      5739.6894531    3350.5075684    2775.8869629  
2020.0      5741.8823242    3352.7355957    2776.2075195  
2040.0      5744.0751953    3354.9636230    2776.5283203  
2060.0      5746.2675781    3357.1911621    2776.8491211  
2080.0      5748.4609375    3359.4194336    2777.1699219  
2100.0      5750.6533203    3361.6467285    2777.4904785  
2120.0      5752.8466797    3363.8750000    2777.8112793  
2140.0      5755.0390625    3366.1030273    2778.1318359  
2160.0      5757.2324219    3368.3308105    2778.4526367  
2180.0      5759.4248047    3370.5585938    2778.7734375  
2200.0      5761.6181641    3372.7866211    2779.0942383  
2220.0      5763.8105469    3375.0144043    2779.4150391  
2240.0      5766.0034180    3377.2424316    2779.7355957  
2260.0      5768.1953125    3379.4699707    2780.0561523  
2280.0      5770.3886719    3381.6982422    2780.3769531  
2300.0      5772.5810547    3383.9260254    2780.6977539  
2320.0      5774.7744141    3386.1538086    2781.0185547  
2340.0      5776.9667969    3388.3818359    2781.3393555  
2360.0      5779.1601562    3390.6093750    2781.6601562  
2380.0      5781.3525391    3392.8371582    2781.9807129  
2400.0      5783.5454102    3395.0654297    2782.3015137  
2420.0      5785.7382812    3397.2929688    2782.6220703  
2440.0      5787.9316406    3399.5212402    2782.9428711  
2460.0      5790.1240234    3401.7490234    2783.2636719  
2480.0      5792.3168945    3403.9768066    2783.5844727  
2500.0      5794.5097656    3406.2048340    2783.9050293  
2520.0      5791.3422852    3403.8898926    2784.2258301  
2540.0      5788.1752930    3401.5749512    2784.5466309  
2560.0      5785.0083008    3399.2597656    2784.8671875  
2580.0      5781.8408203    3396.9445801    2785.1879883  
2600.0      5778.6738281    3394.6298828    2785.5087891  
2620.0      5775.5068359    3392.3146973    2785.8295898  
2640.0      5772.3393555    3389.9997559    2786.1501465  
2660.0      5769.1723633    3387.6848145    2786.4709473  
2680.0      5766.0048828    3385.3701172    2786.7917480  
2700.0      5762.8378906    3383.0549316    2787.1123047  
2720.0      5759.6708984    3380.7399902    2787.4331055  
2740.0      5756.5034180    3378.4250488    2787.7539062  
2760.0      5753.3364258    3376.1098633    2788.0747070  
2780.0      5750.1689453    3373.7949219    2788.3952637  
2800.0      5747.0014648    3371.4799805    2788.7160645  
2820.0      5743.8344727    3369.1647949    2789.0366211  
2840.0      5740.6674805    3366.8500977    2789.3574219  
2860.0      5737.5004883    3364.5349121    2789.6782227  
2880.0      5734.3334961    3362.2199707    2789.9990234  
2900.0      5731.1660156    3359.9050293    2790.3198242  
2920.0      5727.9985352    3357.5898438    2790.6403809  
2940.0      5724.8315430    3355.2749023    2790.9611816  
2960.0      5721.6635742    3352.9599609    2791.2817383  
2980.0      5718.4970703    3350.6450195    2791.6025391  
3000.0      5715.3295898    3348.3300781    2791.9233398  
3020.0      5712.1035156    3347.2080078    2792.2441406  
3040.0      5708.8779297    3346.0861816    2792.5649414  
3060.0      5705.6508789    3344.9641113    2792.8854980  
3080.0      5702.4248047    3343.8420410    2793.2062988  
3100.0      5699.1987305    3342.7202148    2793.5268555  
3120.0      5695.9726562    3341.5979004    2793.8476562  
3140.0      5692.7470703    3340.4763184    2794.1684570  
3160.0      5689.5209961    3339.3540039    2794.4892578  
3180.0      5686.2949219    3338.2316895    2794.8100586  
3200.0      5683.0688477    3337.1101074    2795.1306152  
3220.0      5679.8427734    3335.9877930    2795.4514160  
3240.0      5676.6166992    3334.8662109    2795.7719727  
3260.0      5673.3906250    3333.7438965    2796.0927734  
3280.0      5670.1645508    3332.6220703    2796.4135742  
3300.0      5666.9384766    3331.5000000    2796.7343750  
3320.0      5663.7124023    3330.3776855    2797.0551758  
3340.0      5660.4863281    3329.2558594    2797.3757324  
3360.0      5657.2602539    3328.1337891    2797.6965332  
3380.0      5654.0341797    3327.0117188    2798.0173340  
3400.0      5650.8081055    3325.8898926    2798.3378906  
3420.0      5647.5820312    3324.7678223    2798.6586914  
3440.0      5644.3559570    3323.6459961    2798.9794922  
3460.0      5641.1298828    3322.5239258    2799.3002930  
3480.0      5637.9038086    3321.4016113    2799.6208496  
3500.0      5634.6777344    3320.2795410    2799.9416504  
3520.0      5632.5908203    3318.5195312    2800.2624512  
3540.0      5630.5039062    3316.7590332    2800.5830078  
3560.0      5628.4160156    3314.9990234    2800.9038086  
3580.0      5626.3291016    3313.2385254    2801.2246094  
3600.0      5624.2421875    3311.4782715    2801.5451660  
3620.0      5622.1547852    3309.7180176    2801.8659668  
3640.0      5620.0678711    3307.9575195    2802.1867676  
3660.0      5617.9809570    3306.1975098    2802.5073242  
3680.0      5615.8940430    3304.4370117    2802.8281250  
3700.0      5613.8066406    3302.6770020    2803.1489258  
3720.0      5611.7197266    3300.9165039    2803.4697266  
3740.0      5609.6328125    3299.1564941    2803.7905273  
3760.0      5607.5458984    3297.3959961    2804.1110840  
3780.0      5605.4584961    3295.6354980    2804.4318848  
3800.0      5603.3710938    3293.8754883    2804.7524414  
3820.0      5601.2846680    3292.1149902    2805.0732422  
3840.0      5599.1977539    3290.3544922    2805.3940430  
3860.0      5597.1098633    3288.5944824    2805.7148438  
3880.0      5595.0229492    3286.8342285    2806.0354004  
3900.0      5592.9360352    3285.0739746    2806.3562012  
3920.0      5590.8491211    3283.3134766    2806.6770020  
3940.0      5588.7617188    3281.5534668    2806.9975586  
3960.0      5586.6748047    3279.7932129    2807.3183594  
3980.0      5584.5878906    3278.0329590    2807.6391602  
4000.0      5582.5009766    3276.2727051    2807.9599609  
4020.0      5580.9501953    3274.9157715    2808.2805176  
4040.0      5579.3989258    3273.5593262    2808.6013184  
4060.0      5577.8481445    3272.2028809    2808.9221191  
4080.0      5576.2973633    3270.8464355    2809.2426758  
4100.0      5574.7460938    3269.4897461    2809.5634766  
4120.0      5573.1953125    3268.1333008    2809.8842773  
4140.0      5571.6445312    3266.7766113    2810.2050781  
4160.0      5570.0932617    3265.4201660    2810.5256348  
4180.0      5568.5419922    3264.0634766    2810.8464355  
4200.0      5566.9912109    3262.7070312    2811.1669922  
4220.0      5565.4404297    3261.3505859    2811.4877930  
4240.0      5563.8896484    3259.9941406    2811.8085938  
4260.0      5562.3383789    3258.6374512    2812.1293945  
4280.0      5560.7875977    3257.2807617    2812.4501953  
4300.0      5559.2368164    3255.9243164    2812.7707520  
4320.0      5557.6860352    3254.5678711    2813.0915527  
4340.0      5556.1347656    3253.2114258    2813.4123535  
4360.0      5554.5839844    3251.8547363    2813.7329102  
4380.0      5553.0332031    3250.4980469    2814.0537109  
4400.0      5551.4824219    3249.1416016    2814.3745117  
4420.0      5549.9311523    3247.7851562    2814.6953125  
4440.0      5548.3803711    3246.4287109    2815.0158691  
4460.0      5546.8291016    3245.0720215    2815.3366699  
4480.0      5545.2783203    3243.7153320    2815.6572266  
4500.0      5543.7270508    3242.3588867    2815.9780273  
4520.0      5546.6611328    3244.4389648    2816.2988281  
4540.0      5549.5947266    3246.5187988    2816.6196289  
4560.0      5552.5288086    3248.5988770    2816.9401855  
4580.0      5555.4628906    3250.6789551    2817.2609863  
4600.0      5558.3964844    3252.7592773    2817.5817871  
4620.0      5561.3305664    3254.8393555    2817.9023438  
4640.0      5564.2641602    3256.9191895    2818.2231445  
4660.0      5567.1982422    3258.9995117    2818.5439453  
4680.0      5570.1318359    3261.0795898    2818.8647461  
4700.0      5573.0659180    3263.1594238    2819.1855469  
4720.0      5576.0000000    3265.2395020    2819.5061035  
4740.0      5578.9335938    3267.3195801    2819.8269043  
4760.0      5581.8676758    3269.3996582    2820.1477051  
4780.0      5584.8012695    3271.4797363    2820.4682617  
4800.0      5587.7348633    3273.5595703    2820.7890625  
4820.0      5590.6684570    3275.6396484    2821.1098633  
4840.0      5593.6030273    3277.7197266    2821.4306641  
4860.0      5596.5361328    3279.7998047    2821.7512207  
4880.0      5599.4702148    3281.8798828    2822.0720215  
4900.0      5602.4047852    3283.9597168    2822.3928223  
4920.0      5605.3383789    3286.0397949    2822.7133789  
4940.0      5608.2719727    3288.1198730    2823.0341797  
4960.0      5611.2055664    3290.1997070    2823.3549805  
4980.0      5614.1396484    3292.2797852    2823.6755371  
5000.0      5617.0732422    3294.3598633    2823.9963379  
