# CI_SVD -117.09826829 34.10652027
# 
# Depth (m)   Vp (m/s)        Vs(m/s)      Density(kg/m3)
   0.0       608.4359741     273.3059998    1961.0720215  
  20.0      1811.5090332    1117.1228027    2203.2402344  
  40.0      1861.1519775    1178.3466797    2226.3076172  
  60.0      1979.3754883    1223.2426758    2271.9895020  
  80.0      2059.2094727    1233.9925537    2306.5200195  
 100.0      2067.8244629    1271.1607666    2318.9267578  
 120.0      2198.7534180    1302.1362305    2355.3015137  
 140.0      2544.9018555    1284.4425049    2413.1652832  
 160.0      3002.1694336    1359.2917480    2488.5749512  
 180.0      3538.0117188    1341.5981445    2576.3916016  
 200.0      4114.5273438    1323.9044189    2670.6306152  
 220.0      4094.2351074    1306.2108154    2670.6335449  
 240.0      4073.9243164    1288.5170898    2670.6335449  
 260.0      4053.6132812    1270.8234863    2670.6335449  
 280.0      4033.3022461    1423.1297607    2670.6335449  
 300.0      4012.9914551    1405.4360352    2670.6335449  
 320.0      3992.6806641    2354.2583008    2670.6335449  
 340.0      3972.3696289    2336.5646973    2670.6335449  
 360.0      3952.0585938    2318.8710938    2670.6335449  
 380.0      3931.7475586    2301.1772461    2670.6335449  
 400.0      3911.4367676    2283.4836426    2670.6335449  
 420.0      3891.1259766    2265.7900391    2670.6335449  
 440.0      3870.8149414    2248.0961914    2670.6335449  
 460.0      3850.5039062    2230.4025879    2670.6335449  
 480.0      3830.1928711    2212.7089844    2670.6335449  
 500.0      3809.8820801    2195.0151367    2670.6335449  
 520.0      3817.2321777    2200.2663574    2670.6335449  
 540.0      3824.5820312    2205.5175781    2670.6335449  
 560.0      3831.9321289    2210.7687988    2670.6335449  
 580.0      3839.2822266    2216.0200195    2670.6335449  
 600.0      3846.6323242    2221.2712402    2670.6335449  
 620.0      3853.9824219    2226.5224609    2670.6335449  
 640.0      3861.3325195    2231.7736816    2670.6335449  
 660.0      3868.6826172    2237.0249023    2670.6335449  
 680.0      3876.0327148    2242.2761230    2670.6335449  
 700.0      3883.3828125    2247.5273438    2670.6335449  
 720.0      3890.7329102    2252.7783203    2670.6335449  
 740.0      3898.0830078    2258.0297852    2670.6335449  
 760.0      3905.4328613    2263.2807617    2670.6335449  
 780.0      3912.7829590    2268.5319824    2670.6335449  
 800.0      3920.1330566    2273.7832031    2670.6335449  
 820.0      3927.4829102    2279.0344238    2670.6335449  
 840.0      3934.8330078    2284.2856445    2670.6335449  
 860.0      3942.1831055    2289.5368652    2670.6335449  
 880.0      3949.5332031    2294.7880859    2670.6335449  
 900.0      3956.8833008    2300.0393066    2670.6335449  
 920.0      3964.2333984    2305.2905273    2670.6335449  
 940.0      3971.5834961    2310.5417480    2670.6335449  
 960.0      3978.9335938    2315.7929688    2670.6335449  
 980.0      3986.2836914    2321.0439453    2670.6335449  
1000.0      3993.6748047    2326.3154297    2670.6398926  
1020.0      4004.3623047    2333.4379883    2671.1716309  
1040.0      4015.0500488    2340.5605469    2671.7033691  
1060.0      4025.7377930    2347.6831055    2672.2351074  
1080.0      4036.4250488    2354.8061523    2672.7666016  
1100.0      4047.1127930    2361.9287109    2673.2983398  
1120.0      4057.8002930    2369.0512695    2673.8300781  
1140.0      4068.4882812    2376.1738281    2674.3615723  
1160.0      4079.1757812    2383.2963867    2674.8933105  
1180.0      4089.8632812    2390.4189453    2675.4248047  
1200.0      4100.5502930    2397.5415039    2675.9565430  
1220.0      4111.2382812    2404.6645508    2676.4882812  
1240.0      4121.9257812    2411.7871094    2677.0200195  
1260.0      4132.6132812    2418.9096680    2677.5515137  
1280.0      4143.3012695    2426.0322266    2678.0832520  
1300.0      4153.9887695    2433.1547852    2678.6149902  
1320.0      4164.6762695    2440.2773438    2679.1464844  
1340.0      4175.3642578    2447.4001465    2679.6782227  
1360.0      4186.0512695    2454.5227051    2680.2099609  
1380.0      4196.7387695    2461.6452637    2680.7414551  
1400.0      4207.4267578    2468.7680664    2681.2731934  
1420.0      4218.1142578    2475.8906250    2681.8049316  
1440.0      4228.8017578    2483.0131836    2682.3364258  
1460.0      4239.4897461    2490.1359863    2682.8681641  
1480.0      4250.1772461    2497.2587891    2683.3999023  
1500.0      4260.8647461    2504.3813477    2683.9316406  
1520.0      4270.5776367    2510.2250977    2684.4631348  
1540.0      4280.2905273    2516.0688477    2684.9946289  
1560.0      4290.0034180    2521.9125977    2685.5263672  
1580.0      4299.7167969    2527.7568359    2686.0581055  
1600.0      4309.4296875    2533.6003418    2686.5898438  
1620.0      4319.1425781    2539.4443359    2687.1215820  
1640.0      4328.8554688    2545.2878418    2687.6533203  
1660.0      4338.5683594    2551.1318359    2688.1848145  
1680.0      4348.2812500    2556.9758301    2688.7163086  
1700.0      4357.9941406    2562.8195801    2689.2480469  
1720.0      4367.7075195    2568.6633301    2689.7797852  
1740.0      4377.4204102    2574.5073242    2690.3115234  
1760.0      4387.1333008    2580.3510742    2690.8430176  
1780.0      4396.8461914    2586.1950684    2691.3747559  
1800.0      4406.5590820    2592.0388184    2691.9064941  
1820.0      4416.2719727    2597.8823242    2692.4379883  
1840.0      4425.9848633    2603.7260742    2692.9697266  
1860.0      4435.6977539    2609.5700684    2693.5014648  
1880.0      4445.4111328    2615.4138184    2694.0332031  
1900.0      4455.1235352    2621.2575684    2694.5646973  
1920.0      4464.8369141    2627.1015625    2695.0964355  
1940.0      4474.5498047    2632.9455566    2695.6279297  
1960.0      4484.2626953    2638.7893066    2696.1596680  
1980.0      4493.9760742    2644.6330566    2696.6914062  
2000.0      4503.6884766    2650.4768066    2697.2231445  
2020.0      4513.8930664    2656.6928711    2697.7548828  
2040.0      4524.0966797    2662.9084473    2698.2863770  
2060.0      4534.2998047    2669.1242676    2698.8178711  
2080.0      4544.5039062    2675.3400879    2699.3496094  
2100.0      4554.7080078    2681.5556641    2699.8813477  
2120.0      4564.9121094    2687.7717285    2700.4130859  
2140.0      4575.1162109    2693.9875488    2700.9448242  
2160.0      4585.3193359    2700.2033691    2701.4763184  
2180.0      4595.5234375    2706.4189453    2702.0078125  
2200.0      4605.7275391    2712.6352539    2702.5395508  
2220.0      4615.9316406    2718.8508301    2703.0712891  
2240.0      4626.1352539    2725.0666504    2703.6030273  
2260.0      4636.3388672    2731.2824707    2704.1345215  
2280.0      4646.5429688    2737.4982910    2704.6662598  
2300.0      4656.7470703    2743.7141113    2705.1979980  
2320.0      4666.9511719    2749.9301758    2705.7294922  
2340.0      4677.1547852    2756.1457520    2706.2612305  
2360.0      4687.3583984    2762.3615723    2706.7929688  
2380.0      4697.5620117    2768.5773926    2707.3244629  
2400.0      4707.7661133    2774.7932129    2707.8562012  
2420.0      4717.9702148    2781.0090332    2708.3879395  
2440.0      4728.1743164    2787.2250977    2708.9194336  
2460.0      4738.3779297    2793.4406738    2709.4511719  
2480.0      4748.5820312    2799.6564941    2709.9829102  
2500.0      4758.7861328    2805.8723145    2710.5146484  
2520.0      4765.2304688    2808.9414062    2711.0463867  
2540.0      4771.6743164    2812.0102539    2711.5778809  
2560.0      4778.1171875    2815.0791016    2712.1093750  
2580.0      4784.5615234    2818.1479492    2712.6411133  
2600.0      4791.0053711    2821.2167969    2713.1728516  
2620.0      4797.4492188    2824.2856445    2713.7045898  
2640.0      4803.8935547    2827.3542480    2714.2363281  
2660.0      4810.3374023    2830.4235840    2714.7678223  
2680.0      4816.7817383    2833.4924316    2715.2995605  
2700.0      4823.2255859    2836.5612793    2715.8312988  
2720.0      4829.6689453    2839.6298828    2716.3627930  
2740.0      4836.1127930    2842.6989746    2716.8945312  
2760.0      4842.5566406    2845.7678223    2717.4260254  
2780.0      4849.0009766    2848.8366699    2717.9577637  
2800.0      4855.4448242    2851.9057617    2718.4895020  
2820.0      4861.8886719    2854.9746094    2719.0209961  
2840.0      4868.3325195    2858.0432129    2719.5527344  
2860.0      4874.7768555    2861.1123047    2720.0844727  
2880.0      4881.2207031    2864.1811523    2720.6162109  
2900.0      4887.6645508    2867.2502441    2721.1477051  
2920.0      4894.1083984    2870.3190918    2721.6794434  
2940.0      4900.5522461    2873.3876953    2722.2109375  
2960.0      4906.9960938    2876.4565430    2722.7426758  
2980.0      4913.4404297    2879.5256348    2723.2744141  
3000.0      4919.8842773    2882.5944824    2723.8061523  
3020.0      4926.0234375    2885.4714355    2724.3378906  
3040.0      4932.1621094    2888.3481445    2724.8693848  
3060.0      4938.3017578    2891.2250977    2725.4011230  
3080.0      4944.4404297    2894.1018066    2725.9326172  
3100.0      4950.5795898    2896.9785156    2726.4643555  
3120.0      4956.7187500    2899.8557129    2726.9960938  
3140.0      4962.8583984    2902.7326660    2727.5278320  
3160.0      4968.9975586    2905.6096191    2728.0593262  
3180.0      4975.1367188    2908.4863281    2728.5910645  
3200.0      4981.2753906    2911.3630371    2729.1225586  
3220.0      4987.4150391    2914.2399902    2729.6542969  
3240.0      4993.5541992    2917.1171875    2730.1860352  
3260.0      4999.6928711    2919.9938965    2730.7175293  
3280.0      5005.8320312    2922.8708496    2731.2492676  
3300.0      5011.9711914    2925.7475586    2731.7810059  
3320.0      5018.1108398    2928.6242676    2732.3127441  
3340.0      5024.2500000    2931.5014648    2732.8442383  
3360.0      5030.3886719    2934.3784180    2733.3759766  
3380.0      5036.5278320    2937.2551270    2733.9077148  
3400.0      5042.6669922    2940.1320801    2734.4392090  
3420.0      5048.8061523    2943.0087891    2734.9709473  
3440.0      5054.9453125    2945.8854980    2735.5024414  
3460.0      5061.0844727    2948.7626953    2736.0341797  
3480.0      5067.2236328    2951.6396484    2736.5659180  
3500.0      5073.3632812    2954.5163574    2737.0976562  
3520.0      5079.6035156    2957.3483887    2737.6291504  
3540.0      5085.8442383    2960.1801758    2738.1608887  
3560.0      5092.0849609    2963.0119629    2738.6926270  
3580.0      5098.3256836    2965.8439941    2739.2241211  
3600.0      5104.5664062    2968.6757812    2739.7558594  
3620.0      5110.8071289    2971.5075684    2740.2875977  
3640.0      5117.0478516    2974.3395996    2740.8193359  
3660.0      5123.2890625    2977.1713867    2741.3508301  
3680.0      5129.5297852    2980.0034180    2741.8825684  
3700.0      5135.7705078    2982.8354492    2742.4143066  
3720.0      5142.0107422    2985.6674805    2742.9458008  
3740.0      5148.2519531    2988.4992676    2743.4775391  
3760.0      5154.4926758    2991.3310547    2744.0092773  
3780.0      5160.7329102    2994.1628418    2744.5407715  
3800.0      5166.9736328    2996.9948730    2745.0725098  
3820.0      5173.2148438    2999.8266602    2745.6042480  
3840.0      5179.4555664    3002.6584473    2746.1357422  
3860.0      5185.6958008    3005.4907227    2746.6674805  
3880.0      5191.9370117    3008.3225098    2747.1992188  
3900.0      5198.1777344    3011.1542969    2747.7309570  
3920.0      5204.4184570    3013.9860840    2748.2624512  
3940.0      5210.6591797    3016.8181152    2748.7941895  
3960.0      5216.8999023    3019.6501465    2749.3256836  
3980.0      5223.1406250    3022.4819336    2749.8574219  
4000.0      5229.3808594    3025.3137207    2750.3891602  
4020.0      5236.2617188    3028.9135742    2750.9206543  
4040.0      5243.1430664    3032.5129395    2751.4523926  
4060.0      5250.0234375    3036.1125488    2751.9841309  
4080.0      5256.9038086    3039.7119141    2752.5156250  
4100.0      5263.7841797    3043.3117676    2753.0473633  
4120.0      5270.6655273    3046.9111328    2753.5791016  
4140.0      5277.5458984    3050.5107422    2754.1108398  
4160.0      5284.4262695    3054.1101074    2754.6423340  
4180.0      5291.3066406    3057.7102051    2755.1740723  
4200.0      5298.1879883    3061.3095703    2755.7058105  
4220.0      5305.0683594    3064.9089355    2756.2373047  
4240.0      5311.9492188    3068.5085449    2756.7690430  
4260.0      5318.8291016    3072.1081543    2757.3007812  
4280.0      5325.7104492    3075.7077637    2757.8325195  
4300.0      5332.5908203    3079.3071289    2758.3640137  
4320.0      5339.4716797    3082.9067383    2758.8957520  
4340.0      5346.3520508    3086.5061035    2759.4272461  
4360.0      5353.2329102    3090.1059570    2759.9589844  
4380.0      5360.1132812    3093.7055664    2760.4907227  
4400.0      5366.9941406    3097.3049316    2761.0224609  
4420.0      5373.8750000    3100.9047852    2761.5539551  
4440.0      5380.7558594    3104.5043945    2762.0856934  
4460.0      5387.6357422    3108.1037598    2762.6171875  
4480.0      5394.5170898    3111.7031250    2763.1489258  
4500.0      5401.3974609    3115.3029785    2763.6806641  
4520.0      5410.3354492    3121.3105469    2764.2124023  
4540.0      5419.2724609    3127.3183594    2764.7438965  
4560.0      5428.2104492    3133.3259277    2765.2756348  
4580.0      5437.1484375    3139.3339844    2765.8071289  
4600.0      5446.0864258    3145.3415527    2766.3388672  
4620.0      5455.0239258    3151.3491211    2766.8706055  
4640.0      5463.9624023    3157.3571777    2767.4023438  
4660.0      5472.8999023    3163.3649902    2767.9338379  
4680.0      5481.8374023    3169.3728027    2768.4655762  
4700.0      5490.7753906    3175.3803711    2768.9973145  
4720.0      5499.7128906    3181.3881836    2769.5288086  
4740.0      5508.6508789    3187.3959961    2770.0605469  
4760.0      5517.5888672    3193.4035645    2770.5922852  
4780.0      5526.5268555    3199.4113770    2771.1240234  
4800.0      5535.4638672    3205.4191895    2771.6555176  
4820.0      5544.4018555    3211.4270020    2772.1872559  
4840.0      5553.3398438    3217.4348145    2772.7187500  
4860.0      5562.2778320    3223.4423828    2773.2504883  
4880.0      5571.2153320    3229.4501953    2773.7822266  
4900.0      5580.1538086    3235.4580078    2774.3139648  
4920.0      5589.0913086    3241.4658203    2774.8454590  
4940.0      5598.0288086    3247.4733887    2775.3771973  
4960.0      5606.9663086    3253.4814453    2775.9086914  
4980.0      5615.9042969    3259.4890137    2776.4404297  
5000.0      5624.8422852    3265.4968262    2776.9721680  
