# CI_RIN -118.47927600 34.28203347
# 
# Depth (m)   Vp (m/s)        Vs(m/s)      Density(kg/m3)
   0.0       615.6356812     351.3867798    1962.2088623  
  20.0      1849.7849121     617.4190674    2157.0810547  
  40.0      2172.9899902     729.5511475    2208.1152344  
  60.0      2200.1079102     798.8975830    2212.3969727  
  80.0      2248.9077148     833.3532715    2220.1025391  
 100.0      2317.8032227     869.8364258    2230.9812012  
 120.0      2404.5541992     924.6974487    2244.6791992  
 140.0      2506.3408203     924.6974487    2260.7512207  
 160.0      2619.8535156     964.3154297    2278.6748047  
 180.0      2741.4025879     964.3154297    2297.8674316  
 200.0      2867.0356445     964.3154297    2317.7050781  
 220.0      2867.0395508     964.3154297    2317.7055664  
 240.0      2867.0395508     964.3154297    2317.7055664  
 260.0      2867.0395508     964.3154297    2317.7055664  
 280.0      2867.0395508     964.3154297    2317.7055664  
 300.0      2867.0395508     964.3154297    2317.7055664  
 320.0      2609.3618164    1359.4119873    2317.7055664  
 340.0      2604.0041504    1357.6433105    2317.7055664  
 360.0      2598.6464844    1355.8745117    2317.7055664  
 380.0      2593.2888184    1354.1057129    2317.7055664  
 400.0      2587.9311523    1352.3369141    2317.7055664  
 420.0      2582.5732422    1350.5681152    2317.7055664  
 440.0      2577.2158203    1348.7994385    2317.7055664  
 460.0      2576.1791992    1353.9025879    2319.5590820  
 480.0      2575.2045898    1360.2280273    2321.4389648  
 500.0      2574.0346680    1366.2016602    2323.2353516  
 520.0      2581.5788574    1376.3537598    2324.9438477  
 540.0      2588.9091797    1386.1174316    2326.5605469  
 560.0      2596.0141602    1395.4703369    2328.0808105  
 580.0      2602.8845215    1404.3937988    2329.5004883  
 600.0      2609.5070801    1412.8621826    2330.8139648  
 620.0      2615.8688965    1420.8497314    2332.0153809  
 640.0      2621.9555664    1428.3293457    2333.0988770  
 660.0      2627.7500000    1435.2678223    2334.0571289  
 680.0      2633.2363281    1441.6337891    2334.8828125  
 700.0      2638.3937988    1447.3895264    2335.5678711  
 720.0      2643.2019043    1452.4949951    2336.1030273  
 740.0      2647.6362305    1456.9036865    2336.4777832  
 760.0      2651.6699219    1460.5654297    2336.6806641  
 780.0      2655.2729492    1463.4244385    2336.6989746  
 800.0      2658.4111328    1465.4158936    2336.5178223  
 820.0      2661.0458984    1466.4689941    2336.1206055  
 840.0      2663.1328125    1466.5008545    2335.4885254  
 860.0      2663.5625000    1463.4478760    2334.1457520  
 880.0      2667.1235352    1466.2275391    2334.1457520  
 900.0      2670.6840820    1469.0069580    2334.1457520  
 920.0      2674.2443848    1471.7861328    2334.1457520  
 940.0      2677.8051758    1474.5659180    2334.1457520  
 960.0      2681.3654785    1477.3449707    2334.1457520  
 980.0      2684.9262695    1480.1248779    2334.1457520  
1000.0      2688.4868164    1482.9044189    2334.1457520  
1020.0      2690.3581543    1486.0989990    2334.1457520  
1040.0      2692.2299805    1489.2944336    2334.1457520  
1060.0      2694.1015625    1492.4890137    2334.1457520  
1080.0      2695.9733887    1495.6843262    2334.1457520  
1100.0      2697.8449707    1498.8793945    2334.1457520  
1120.0      2699.7165527    1502.0739746    2334.1457520  
1140.0      2701.5883789    1505.2694092    2334.1457520  
1160.0      2703.4599609    1508.4643555    2334.1457520  
1180.0      2705.3320312    1511.6602783    2334.1459961  
1200.0      2707.2033691    1514.8543701    2334.1457520  
1220.0      2709.0749512    1518.0493164    2334.1457520  
1240.0      2710.9470215    1521.2452393    2334.1459961  
1260.0      2712.8181152    1524.4393311    2334.1457520  
1280.0      2714.6904297    1527.6352539    2334.1459961  
1300.0      2716.5620117    1530.8302002    2334.1459961  
1320.0      2718.4331055    1534.0244141    2334.1457520  
1340.0      2720.3044434    1537.2189941    2334.1457520  
1360.0      2722.1765137    1540.4143066    2334.1457520  
1380.0      2724.0485840    1543.6102295    2334.1459961  
1400.0      2725.9201660    1546.8051758    2334.1459961  
1420.0      2727.7912598    1549.9993896    2334.1457520  
1440.0      2729.6628418    1553.1939697    2334.1457520  
1460.0      2731.5346680    1556.3894043    2334.1457520  
1480.0      2733.4062500    1559.5843506    2334.1457520  
1500.0      2735.2783203    1562.7801514    2334.1459961  
1520.0      2740.6972656    1567.9146729    2334.1457520  
1540.0      2746.1164551    1573.0500488    2334.1457520  
1560.0      2751.5358887    1578.1854248    2334.1457520  
1580.0      2756.9550781    1583.3206787    2334.1457520  
1600.0      2762.3745117    1588.4560547    2334.1457520  
1620.0      2767.7937012    1593.5913086    2334.1457520  
1640.0      2773.2128906    1598.7266846    2334.1457520  
1660.0      2778.6323242    1603.8620605    2334.1457520  
1680.0      2784.0515137    1608.9974365    2334.1457520  
1700.0      2789.4709473    1614.1326904    2334.1457520  
1720.0      2794.8901367    1619.2680664    2334.1457520  
1740.0      2800.3095703    1624.4034424    2334.1457520  
1760.0      2805.7287598    1629.5386963    2334.1457520  
1780.0      2811.1479492    1634.6740723    2334.1457520  
1800.0      2816.5673828    1639.8094482    2334.1457520  
1820.0      2821.9865723    1644.9447021    2334.1457520  
1840.0      2827.4064941    1650.0809326    2334.1459961  
1860.0      2832.8251953    1655.2154541    2334.1457520  
1880.0      2838.2446289    1660.3508301    2334.1457520  
1900.0      2843.6638184    1665.4860840    2334.1457520  
1920.0      2849.0832520    1670.6214600    2334.1457520  
1940.0      2854.5024414    1675.7568359    2334.1457520  
1960.0      2859.9216309    1680.8920898    2334.1457520  
1980.0      2865.3410645    1686.0274658    2334.1457520  
2000.0      2870.7602539    1691.1628418    2334.1457520  
2020.0      2877.8825684    1696.9954834    2334.1457520  
2040.0      2885.0046387    1702.8280029    2334.1457520  
2060.0      2892.1267090    1708.6605225    2334.1457520  
2080.0      2899.2487793    1714.4931641    2334.1457520  
2100.0      2906.3708496    1720.3256836    2334.1457520  
2120.0      2913.4929199    1726.1583252    2334.1457520  
2140.0      2920.6149902    1731.9908447    2334.1457520  
2160.0      2902.0986328    1690.2359619    2323.1489258  
2180.0      2911.8610840    1700.9543457    2324.2814941  
2200.0      2921.4570312    1711.3677979    2325.3425293  
2220.0      2930.8928223    1721.4877930    2326.3349609  
2240.0      2940.1762695    1731.3272705    2327.2619629  
2260.0      2949.3112793    1740.8940430    2328.1254883  
2280.0      2958.3041992    1750.1983643    2328.9277344  
2300.0      2967.1596680    1759.2500000    2329.6713867  
2320.0      2975.8825684    1768.0560303    2330.3579102  
2340.0      2984.4768066    1776.6242676    2330.9892578  
2360.0      2992.9465332    1784.9622803    2331.5673828  
2380.0      3001.2963867    1793.0784912    2332.0939941  
2400.0      3009.5305176    1800.9792480    2332.5708008  
2420.0      3017.6513672    1808.6699219    2332.9990234  
2440.0      3025.6611328    1816.1550293    2333.3798828  
2460.0      3033.5644531    1823.4425049    2333.7150879  
2480.0      3041.3645020    1830.5367432    2334.0058594  
2500.0      3049.0629883    1837.4433594    2334.2531738  
2520.0      3054.0900879    1840.9704590    2334.4580078  
2540.0      3059.0212402    1844.3195801    2334.6220703  
2560.0      3063.8593750    1847.4936523    2334.7456055  
2580.0      3068.6054688    1850.4982910    2334.8303223  
2600.0      3073.2629395    1853.3364258    2334.8764648  
2620.0      3077.8330078    1856.0129395    2334.8854980  
2640.0      3082.3178711    1858.5299072    2334.8579102  
2660.0      3086.7192383    1860.8922119    2334.7946777  
2680.0      3091.0400391    1863.1036377    2334.6967773  
2700.0      3095.2805176    1865.1660156    2334.5644531  
2720.0      3099.4431152    1867.0825195    2334.3984375  
2740.0      3103.5292969    1868.8570557    2334.1997070  
2760.0      3107.5405273    1870.4926758    2333.9692383  
2780.0      3111.4780273    1871.9907227    2333.7067871  
2800.0      3115.3442383    1873.3563232    2333.4138184  
2820.0      3119.1391602    1874.5892334    2333.0903320  
2840.0      3122.8642578    1875.6932373    2332.7368164  
2860.0      3126.5219727    1876.6713867    2332.3544922  
2880.0      3130.1125488    1877.5253906    2331.9433594  
2900.0      3133.6372070    1878.2572021    2331.5039062  
2920.0      3137.0974121    1878.8701172    2331.0368652  
2940.0      3140.4941406    1879.3651123    2330.5424805  
2960.0      3148.9702148    1889.3028564    2332.2268066  
2980.0      3261.7592773    1984.3868408    2353.4079590  
3000.0      3369.1525879    2058.6716309    2369.6472168  
3020.0      3454.9006348    2117.5583496    2382.6538086  
3040.0      3526.0698242    2166.5087891    2393.3586426  
3060.0      3586.2504883    2207.8981934    2402.3283691  
3080.0      3637.8068848    2243.3051758    2409.9362793  
3100.0      3682.3801270    2273.8334961    2416.4414062  
3120.0      3721.1608887    2300.2902832    2422.0322266  
3140.0      3755.0415039    2323.2836914    2426.8491211  
3160.0      3784.7167969    2343.2907715    2431.0019531  
3180.0      3810.7236328    2360.6811523    2434.5756836  
3200.0      3833.5058594    2375.7631836    2437.6401367  
3220.0      3853.4150391    2388.7814941    2440.2509766  
3240.0      3870.7485352    2399.9443359    2442.4550781  
3260.0      3885.7546387    2409.4260254    2444.2915039  
3280.0      3898.6433105    2417.3757324    2445.7939453  
3300.0      3909.5947266    2423.9211426    2446.9902344  
3320.0      3918.7636719    2429.1718750    2447.9052734  
3340.0      3926.2861328    2433.2258301    2448.5600586  
3360.0      3932.2795410    2436.1674805    2448.9736328  
3380.0      3936.8476562    2438.0717773    2449.1621094  
3400.0      3940.0837402    2439.0061035    2449.1401367  
3420.0      3942.0703125    2439.0307617    2448.9211426  
3440.0      3942.8806152    2438.1994629    2448.5161133  
3460.0      3942.5798340    2436.5595703    2447.9357910  
3480.0      3941.2290039    2434.1567383    2447.1896973  
3500.0      3938.8828125    2431.0310059    2446.2863770  
3520.0      3935.9472656    2426.6860352    2445.2336426  
3540.0      3932.1098633    2421.6879883    2444.0383301  
3560.0      3927.4113770    2416.0673828    2442.7070312  
3580.0      3921.8913574    2409.8549805    2441.2460938  
3600.0      3915.5832520    2403.0756836    2439.6608887  
3620.0      3908.5195312    2395.7536621    2437.9560547  
3640.0      3900.7304688    2387.9135742    2436.1369629  
3660.0      3912.0859375    2393.9348145    2437.3405762  
3680.0      3932.4526367    2406.4907227    2439.9672852  
3700.0      3952.8293457    2419.0686035    2442.5954590  
3720.0      3973.2187500    2431.6699219    2445.2255859  
3740.0      3993.6208496    2444.2954102    2447.8579102  
3760.0      4014.0363770    2456.9443359    2450.4919434  
3780.0      4034.4643555    2469.6176758    2453.1284180  
3800.0      4054.9045410    2482.3137207    2455.7666016  
3820.0      4075.3557129    2495.0319824    2458.4064941  
3840.0      4095.8232422    2507.7763672    2461.0488281  
3860.0      4116.3007812    2520.5427246    2463.6928711  
3880.0      4136.7919922    2533.3332520    2466.3393555  
3900.0      4157.2954102    2546.1462402    2468.9873047  
3920.0      4177.8110352    2558.9824219    2471.6374512  
3940.0      4198.3398438    2571.8430176    2474.2897949  
3960.0      4218.8823242    2584.7268066    2476.9440918  
3980.0      4239.4326172    2597.6303711    2479.5996094  
4000.0      4260.0004883    2610.5605469    2482.2578125  
4020.0      4275.8886719    2620.6425781    2484.9179688  
4040.0      4291.7900391    2630.7478027    2487.5800781  
4060.0      4307.7036133    2640.8759766    2490.2438965  
4080.0      4323.6298828    2651.0273438    2492.9099121  
4100.0      4339.5673828    2661.1999512    2495.5776367  
4120.0      4355.5214844    2671.3989258    2498.2480469  
4140.0      4371.4814453    2680.6435547    2500.9194336  
4160.0      4387.4589844    2688.0534668    2503.5932617  
4180.0      4403.4467773    2695.4692383    2506.2690430  
4200.0      4419.4477539    2702.8925781    2508.9467773  
4220.0      4435.4604492    2710.3225098    2511.6264648  
4240.0      4451.4868164    2717.7604980    2514.3083496  
4260.0      4467.5224609    2725.2038574    2516.9916992  
4280.0      4483.5761719    2732.6574707    2519.6777344  
4300.0      4499.6367188    2740.1152344    2522.3647461  
4320.0      4515.7119141    2747.5815430    2525.0541992  
4340.0      4531.7993164    2755.0546875    2527.7456055  
4360.0      4547.8964844    2762.5332031    2530.4387207  
4380.0      4564.0097656    2770.0217285    2533.1342773  
4400.0      4580.1337891    2777.5158691    2535.8312988  
4420.0      4596.2709961    2785.0178223    2538.5307617  
4440.0      4612.4184570    2792.5256348    2541.2316895  
4460.0      4628.5791016    2800.0412598    2543.9345703  
4480.0      4644.7543945    2807.5649414    2546.6398926  
4500.0      4660.9370117    2815.0935059    2549.3461914  
4520.0      4676.1030273    2821.2929688    2552.0549316  
4540.0      4691.2841797    2827.5014648    2554.7658691  
4560.0      4706.4750977    2833.7153320    2557.4782715  
4580.0      4721.6796875    2839.9375000    2560.1928711  
4600.0      4736.8935547    2846.1647949    2562.9091797  
4620.0      4752.1235352    2852.4013672    2565.6276855  
4640.0      4767.3652344    2858.6450195    2568.3483887  
4660.0      4782.6157227    2864.8930664    2571.0700684  
4680.0      4797.8779297    2871.1486816    2573.7939453  
4700.0      4813.1567383    2877.4133301    2576.5202637  
4720.0      4828.4458008    2883.6843262    2579.2482910  
4740.0      4843.7460938    2889.9611816    2581.9780273  
4760.0      4859.0556641    2896.2438965    2584.7092285  
4780.0      4874.3818359    2902.5361328    2587.4431152  
4800.0      4889.7182617    2908.8342285    2590.1787109  
4820.0      4905.0664062    2915.1389160    2592.9160156  
4840.0      4920.4248047    2921.4499512    2595.6547852  
4860.0      4935.7988281    2927.7700195    2598.3964844  
4880.0      4951.1850586    2934.0964355    2601.1396484  
4900.0      4966.5795898    2940.4282227    2603.8842773  
4920.0      4981.9858398    2946.7666016    2606.6308594  
4940.0      4997.4082031    2953.1142578    2609.3798828  
4960.0      5012.8398438    2959.4672852    2612.1303711  
4980.0      5028.2832031    2965.8271484    2614.8828125  
5000.0      5043.7382812    2972.1938477    2617.6369629  
