# CI_OGC -117.84405717 33.78824732
# 
# Depth (m)   Vp (m/s)        Vs(m/s)      Density(kg/m3)
   0.0       405.1187439     158.3382874    1928.9682617  
  20.0      1248.2275391     381.4065247    2062.0952148  
  40.0      1299.0915527     414.9644775    2070.1264648  
  60.0      1314.5638428     506.7519836    2072.5695801  
  80.0      1318.5153809     543.6506348    2073.1936035  
 100.0      1338.8707275     571.6148071    2076.4077148  
 120.0      1383.3873291     625.8879395    2083.4367676  
 140.0      1456.5942383     641.1684570    2094.9963379  
 160.0      1560.1585693     641.1684570    2111.3491211  
 180.0      1693.1367188     662.4884644    2132.3461914  
 200.0      1852.2270508     689.9184570    2157.4667969  
 220.0      1911.9978027     689.9184570    2166.9045410  
 240.0      1968.2459717     720.3984375    2175.7861328  
 260.0      2021.4520264     720.3984375    2184.1872559  
 280.0      2071.9948730     720.3984375    2192.1679688  
 300.0      2120.1845703     720.3984375    2199.7770996  
 320.0      2077.0551758    1117.3928223    2228.5434570  
 340.0      2087.2788086    1124.6358643    2233.9104004  
 360.0      2096.8759766    1131.5562744    2239.0710449  
 380.0      2105.9035645    1138.1813965    2244.0439453  
 400.0      2114.4111328    1144.5346680    2248.8449707  
 420.0      2122.4414062    1150.6373291    2253.4890137  
 440.0      2130.0312500    1156.5075684    2257.9875488  
 460.0      2137.2138672    1162.1613770    2262.3520508  
 480.0      2144.0183105    1167.6135254    2266.5917969  
 500.0      2150.4707031    1172.8765869    2270.7150879  
 520.0      2168.3315430    1184.3702393    2274.7299805  
 540.0      2185.8842773    1195.6970215    2278.6435547  
 560.0      2203.1477051    1206.8664551    2282.4611816  
 580.0      2220.1386719    1217.8870850    2286.1892090  
 600.0      2236.8723145    1228.7668457    2289.8325195  
 620.0      2419.3383789    1407.6641846    2347.4980469  
 640.0      2725.2041016    1621.6608887    2394.8964844  
 660.0      2749.9055176    1638.9254150    2397.8989258  
 680.0      2774.1945801    1655.9176025    2400.8364258  
 700.0      2798.0834961    1672.6445312    2403.7109375  
 720.0      2821.5996094    1689.1240234    2406.5263672  
 740.0      2844.7597656    1705.3671875    2409.2856445  
 760.0      2867.5825195    1721.3861084    2411.9916992  
 780.0      2890.0808105    1737.1889648    2414.6464844  
 800.0      2912.2727051    1752.7875977    2417.2526855  
 820.0      2934.1716309    1768.1909180    2419.8127441  
 840.0      2955.7900391    1783.4069824    2422.3286133  
 860.0      2977.1401367    1798.4436035    2424.8020020  
 880.0      2998.2333984    1813.3087158    2427.2348633  
 900.0      3019.0795898    1828.0084229    2429.6289062  
 920.0      3039.6904297    1842.5502930    2431.9855957  
 940.0      3060.0732422    1856.9387207    2434.3061523  
 960.0      3080.2365723    1871.1806641    2436.5922852  
 980.0      3100.1921387    1885.2828369    2438.8457031  
1000.0      3119.9423828    1899.2467041    2441.0664062  
1020.0      3141.4553223    1915.1269531    2443.2573242  
1040.0      3162.7736816    1930.8752441    2445.4172363  
1060.0      3183.9167480    1946.5058594    2447.5495605  
1080.0      3204.8793945    1962.0148926    2449.6535645  
1100.0      3225.6748047    1977.4112549    2451.7309570  
1120.0      3246.3044434    1992.6950684    2453.7822266  
1140.0      3266.7778320    2007.8739014    2455.8088379  
1160.0      3287.0947266    2022.9467773    2457.8107910  
1180.0      3307.2634277    2037.9193115    2459.7893066  
1200.0      3327.2880859    2052.7941895    2461.7451172  
1220.0      3347.1726074    2067.5744629    2463.6787109  
1240.0      3366.9213867    2082.2624512    2465.5908203  
1260.0      3386.5375977    2096.8603516    2467.4821777  
1280.0      3406.0246582    2111.3708496    2469.3530273  
1300.0      3425.3901367    2125.7990723    2471.2048340  
1320.0      3444.6323242    2140.1433105    2473.0371094  
1340.0      3463.7585449    2154.4084473    2474.8508301  
1360.0      3482.7670898    2168.5937500    2476.6462402  
1380.0      3501.6640625    2182.7026367    2478.4238281  
1400.0      3520.4543457    2196.7397461    2480.1848145  
1420.0      3539.1379395    2210.7036133    2481.9287109  
1440.0      3557.7177734    2224.5971680    2483.6564941  
1460.0      3576.1970215    2238.4216309    2485.3681641  
1480.0      3594.5781250    2252.1794434    2487.0644531  
1500.0      3612.8642578    2265.8723145    2488.7456055  
1520.0      3627.0400391    2275.7167969    2490.4118652  
1540.0      3641.1259766    2285.4990234    2492.0634766  
1560.0      3655.1225586    2295.2211914    2493.7014160  
1580.0      3669.0322266    2304.8835449    2495.3251953  
1600.0      3682.8571777    2314.4880371    2496.9360352  
1620.0      3696.5964355    2324.0334473    2498.5332031  
1640.0      3710.2570801    2333.3999023    2500.1176758  
1660.0      3723.8334961    2341.1728516    2501.6892090  
1680.0      3737.3361816    2348.9030762    2503.2490234  
1700.0      3750.7609863    2356.5886230    2504.7963867  
1720.0      3764.1103516    2364.2302246    2506.3320312  
1740.0      3777.3872070    2371.8300781    2507.8559570  
1760.0      3790.5903320    2379.3876953    2509.3684082  
1780.0      3803.7260742    2386.9060059    2510.8701172  
1800.0      3816.7932129    2394.3850098    2512.3613281  
1820.0      3829.7873535    2401.8215332    2513.8405762  
1840.0      3842.7216797    2409.2238770    2515.3105469  
1860.0      3855.5878906    2416.5866699    2516.7700195  
1880.0      3868.3903809    2423.9128418    2518.2189941  
1900.0      3881.1306152    2431.2028809    2519.6584473  
1920.0      3893.8095703    2438.4572754    2521.0881348  
1940.0      3906.4277344    2445.6772461    2522.5083008  
1960.0      3918.9870605    2452.8625488    2523.9189453  
1980.0      3931.4885254    2460.0151367    2525.3205566  
2000.0      3943.9331055    2467.1342773    2526.7133789  
2020.0      3957.0744629    2474.6901855    2528.0969238  
2040.0      3970.1611328    2482.2143555    2529.4721680  
2060.0      3983.1933594    2489.7070312    2530.8383789  
2080.0      3996.1728516    2497.1689453    2532.1965332  
2100.0      4009.0993652    2504.6005859    2533.5463867  
2120.0      4021.9750977    2512.0029297    2534.8881836  
2140.0      4034.7998047    2519.3757324    2536.2216797  
2160.0      4047.5749512    2526.7202148    2537.5478516  
2180.0      4060.3010254    2534.0358887    2538.8657227  
2200.0      4072.9790039    2541.3239746    2540.1762695  
2220.0      4085.6098633    2548.5849609    2541.4794922  
2240.0      4098.1938477    2555.8186035    2542.7751465  
2260.0      4110.7314453    2563.0261230    2544.0634766  
2280.0      4123.2241211    2570.2070312    2545.3447266  
2300.0      4135.6723633    2577.3625488    2546.6188965  
2320.0      4148.0766602    2584.4924316    2547.8862305  
2340.0      4160.4375000    2591.5976562    2549.1467285  
2360.0      4172.7553711    2598.6777344    2550.4003906  
2380.0      4185.0327148    2605.7346191    2551.6474609  
2400.0      4197.2680664    2612.7670898    2552.8881836  
2420.0      4209.4624023    2619.7761230    2554.1225586  
2440.0      4221.6171875    2626.7622070    2555.3503418  
2460.0      4233.7333984    2633.7258301    2556.5720215  
2480.0      4245.8076172    2640.6652832    2557.7873535  
2500.0      4257.8447266    2647.5837402    2558.9965820  
2520.0      4262.8496094    2648.1506348    2560.2001953  
2540.0      4267.8164062    2648.6953125    2561.3974609  
2560.0      4272.7465820    2649.2189941    2562.5891113  
2580.0      4277.6396484    2649.7216797    2563.7751465  
2600.0      4282.4980469    2650.2041016    2564.9553223  
2620.0      4287.3203125    2650.6655273    2566.1298828  
2640.0      4292.1074219    2651.1066895    2567.2990723  
2660.0      4296.8603516    2651.5280762    2568.4626465  
2680.0      4301.5791016    2651.9299316    2569.6210938  
2700.0      4306.2641602    2652.3122559    2570.7739258  
2720.0      4310.9165039    2652.6755371    2571.9218750  
2740.0      4315.5356445    2653.0197754    2573.0644531  
2760.0      4320.1225586    2653.3454590    2574.2019043  
2780.0      4324.6772461    2653.6523438    2575.3342285  
2800.0      4329.2006836    2653.9414062    2576.4616699  
2820.0      4333.6933594    2654.2126465    2577.5842285  
2840.0      4338.1542969    2654.4653320    2578.7016602  
2860.0      4342.5849609    2654.7009277    2579.8146973  
2880.0      4346.9853516    2654.9189453    2580.9226074  
2900.0      4351.3569336    2655.1201172    2582.0261230  
2920.0      4355.6992188    2655.3041992    2583.1250000  
2940.0      4360.0117188    2655.4716797    2584.2189941  
2960.0      4364.2954102    2655.6223145    2585.3085938  
2980.0      4368.5512695    2655.7568359    2586.3937988  
3000.0      4372.7792969    2655.8750000    2587.4746094  
3020.0      4380.8764648    2659.9543457    2588.5510254  
3040.0      4388.9458008    2664.0175781    2589.6230469  
3060.0      4269.5712891    2476.3298340    2570.5717773  
3080.0      4276.5141602    2481.6447754    2571.4658203  
3100.0      4283.4575195    2486.9597168    2572.3601074  
3120.0      4290.4008789    2492.2746582    2573.2543945  
3140.0      4297.3442383    2497.5900879    2574.1484375  
3160.0      4304.2871094    2502.9047852    2575.0427246  
3180.0      4311.2309570    2508.2199707    2575.9370117  
3200.0      4318.1738281    2513.5349121    2576.8312988  
3220.0      4325.1171875    2518.8498535    2577.7255859  
3240.0      4332.0600586    2524.1650391    2578.6196289  
3260.0      4339.0034180    2529.4799805    2579.5139160  
3280.0      4345.9467773    2534.7951660    2580.4082031  
3300.0      4352.8901367    2540.1098633    2581.3022461  
3320.0      4359.8339844    2545.4250488    2582.1967773  
3340.0      4366.7768555    2550.7399902    2583.0908203  
3360.0      4373.7202148    2556.0551758    2583.9851074  
3380.0      4380.6630859    2561.3701172    2584.8791504  
3400.0      4387.6069336    2566.6850586    2585.7734375  
3420.0      4394.5498047    2572.0000000    2586.6677246  
3440.0      4401.4931641    2577.3151855    2587.5620117  
3460.0      4408.4365234    2582.6301270    2588.4560547  
3480.0      4415.3798828    2587.9453125    2589.3503418  
3500.0      4422.3227539    2593.2602539    2590.2446289  
3520.0      4429.4477539    2596.0986328    2591.1389160  
3540.0      4436.5722656    2598.9370117    2592.0332031  
3560.0      4443.6967773    2601.7753906    2592.9272461  
3580.0      4450.8217773    2604.6137695    2593.8215332  
3600.0      4457.9462891    2607.4521484    2594.7158203  
3620.0      4465.0708008    2610.2905273    2595.6098633  
3640.0      4472.1953125    2613.1289062    2596.5041504  
3660.0      4479.3203125    2615.9670410    2597.3984375  
3680.0      4486.4443359    2618.8054199    2598.2927246  
3700.0      4493.5688477    2621.6437988    2599.1867676  
3720.0      4500.6938477    2624.4824219    2600.0810547  
3740.0      4507.8183594    2627.3208008    2600.9753418  
3760.0      4514.9428711    2630.1591797    2601.8696289  
3780.0      4522.0673828    2632.9978027    2602.7636719  
3800.0      4529.1918945    2635.8359375    2603.6579590  
3820.0      4536.3168945    2638.6745605    2604.5522461  
3840.0      4543.4418945    2641.5126953    2605.4465332  
3860.0      4550.5664062    2644.3510742    2606.3408203  
3880.0      4557.6904297    2647.1896973    2607.2348633  
3900.0      4564.8149414    2650.0278320    2608.1291504  
3920.0      4571.9394531    2652.8662109    2609.0231934  
3940.0      4579.0644531    2655.7045898    2609.9174805  
3960.0      4586.1889648    2658.5429688    2610.8117676  
3980.0      4593.3134766    2661.3813477    2611.7060547  
4000.0      4600.4384766    2664.2197266    2612.6000977  
4020.0      4609.5166016    2668.0888672    2613.4943848  
4040.0      4618.5947266    2671.9577637    2614.3886719  
4060.0      4627.6723633    2675.8264160    2615.2827148  
4080.0      4636.7509766    2679.6955566    2616.1772461  
4100.0      4645.8291016    2683.5642090    2617.0712891  
4120.0      4654.9072266    2687.4331055    2617.9655762  
4140.0      4663.9858398    2691.3022461    2618.8598633  
4160.0      4673.0639648    2695.1713867    2619.7539062  
4180.0      4682.1416016    2699.0402832    2620.6481934  
4200.0      4691.2197266    2702.9091797    2621.5424805  
4220.0      4700.2983398    2706.7780762    2622.4367676  
4240.0      4709.3764648    2710.6469727    2623.3308105  
4260.0      4718.4545898    2714.5158691    2624.2250977  
4280.0      4727.5332031    2718.3850098    2625.1193848  
4300.0      4736.6113281    2722.2539062    2626.0136719  
4320.0      4745.6889648    2726.1225586    2626.9077148  
4340.0      4754.7670898    2729.9916992    2627.8020020  
4360.0      4763.8457031    2733.8603516    2628.6962891  
4380.0      4772.9238281    2737.7297363    2629.5903320  
4400.0      4782.0019531    2741.5986328    2630.4846191  
4420.0      4791.0805664    2745.4675293    2631.3789062  
4440.0      4800.1582031    2749.3364258    2632.2731934  
4460.0      4809.2363281    2753.2053223    2633.1674805  
4480.0      4818.3149414    2757.0744629    2634.0615234  
4500.0      4827.3925781    2760.9433594    2634.9558105  
4520.0      4843.0424805    2770.8203125    2635.8500977  
4540.0      4858.6914062    2780.6972656    2636.7441406  
4560.0      4874.3413086    2790.5742188    2637.6384277  
4580.0      4889.9907227    2800.4511719    2638.5327148  
4600.0      4905.6401367    2810.3281250    2639.4267578  
4620.0      4921.2900391    2820.2053223    2640.3212891  
4640.0      4936.9384766    2830.0820312    2641.2153320  
4660.0      4952.5883789    2839.9589844    2642.1096191  
4680.0      4968.2377930    2849.8359375    2643.0039062  
4700.0      4983.8876953    2859.7128906    2643.8979492  
4720.0      4999.5371094    2869.5900879    2644.7922363  
4740.0      5015.1860352    2879.4667969    2645.6865234  
4760.0      5030.8354492    2889.3439941    2646.5805664  
4780.0      5046.4853516    2899.2209473    2647.4748535  
4800.0      5062.1347656    2909.0979004    2648.3691406  
4820.0      5077.7841797    2918.9750977    2649.2634277  
4840.0      5093.4335938    2928.8518066    2650.1577148  
4860.0      5109.0830078    2938.7287598    2651.0517578  
4880.0      5124.7324219    2948.6059570    2651.9460449  
4900.0      5140.3823242    2958.4826660    2652.8403320  
4920.0      5156.0312500    2968.3598633    2653.7343750  
4940.0      5171.6806641    2978.2368164    2654.6286621  
4960.0      5187.3305664    2988.1135254    2655.5229492  
4980.0      5202.9794922    2997.9907227    2656.4169922  
5000.0      5218.6289062    3007.8679199    2657.3115234  
