# CE_14241 -118.13330115 33.77729791
# 
# Depth (m)   Vp (m/s)        Vs(m/s)      Density(kg/m3)
   0.0       550.3404541     236.7049866    1951.8988037  
  20.0      1266.6899414     432.2199707    2065.0102539  
  40.0      1661.5500488     548.0000000    2127.3588867  
  60.0      1630.1651611     588.0000000    2122.4030762  
  80.0      1614.3403320     588.0000000    2119.9042969  
 100.0      1586.1893311     603.4699707    2115.4592285  
 120.0      1556.2742920     627.8599854    2110.7358398  
 140.0      1532.8355713     646.1400146    2107.0346680  
 160.0      1522.0034180     646.1400146    2105.3242188  
 180.0      1527.8422852     662.4619751    2106.2463379  
 200.0      1552.3892822     676.2107544    2110.1223145  
 220.0      1601.9656982     694.9099731    2117.9504395  
 240.0      1648.6502686     725.3900146    2125.3217773  
 260.0      1692.8309326     725.3900146    2132.2980957  
 280.0      1734.8178711     725.3900146    2138.9277344  
 300.0      1774.8653564     725.3900146    2145.2512207  
 320.0      1813.1827393     826.4707031    2151.3015137  
 340.0      1849.9454346     848.2378540    2157.1064453  
 360.0      1885.3021240     869.3023071    2162.6892090  
 380.0      1919.3801270     889.7235107    2168.0700684  
 400.0      1952.2890625     909.5530396    2173.2663574  
 420.0      1984.1246338     928.8360596    2178.2932129  
 440.0      2014.9704590     947.6124878    2183.1638184  
 460.0      2044.8988037     965.9166260    2187.8896484  
 480.0      2073.9760742     983.7805176    2192.4809570  
 500.0      1835.8439941     938.4248047    2220.7719727  
 520.0      1851.8859863     947.2051392    2224.1154785  
 540.0      1867.6719971     955.8552246    2227.3747559  
 560.0      1883.2183838     964.3826904    2230.5546875  
 580.0      1898.5380859     972.7938843    2233.6601562  
 600.0      1913.6450195     981.0954590    2236.6955566  
 620.0      1928.5502930     989.2924805    2239.6640625  
 640.0      1943.2644043     997.3905029    2242.5698242  
 660.0      1957.7974854    1005.3942871    2245.4160156  
 680.0      1972.1584473    1013.3078613    2248.2053223  
 700.0      1986.3554688    1021.1351318    2250.9404297  
 720.0      2000.3969727    1028.8808594    2253.6245117  
 740.0      2014.2897949    1036.5478516    2256.2590332  
 760.0      2028.0394287    1044.1391602    2258.8469238  
 780.0      2041.6536865    1051.6582031    2261.3898926  
 800.0      2055.1369629    1059.1079102    2263.8898926  
 820.0      2068.4956055    1066.4908447    2266.3486328  
 840.0      2081.7343750    1073.8093262    2268.7680664  
 860.0      2094.8576660    1081.0655518    2271.1489258  
 880.0      2107.8706055    1088.2624512    2273.4936523  
 900.0      2120.7763672    1095.4016113    2275.8032227  
 920.0      2133.5798340    1102.4852295    2278.0788574  
 940.0      2146.2839355    1109.5147705    2280.3215332  
 960.0      2158.8925781    1116.4924316    2282.5329590  
 980.0      2171.4089355    1123.4196777    2284.7141113  
1000.0      2183.8359375    1130.2979736    2286.8657227  
1020.0      2196.2048340    1137.9660645    2288.9887695  
1040.0      2208.4899902    1145.5882568    2291.0844727  
1060.0      2220.6943359    1153.1660156    2293.1535645  
1080.0      2232.8210449    1160.7004395    2295.1965332  
1100.0      2244.8710938    1168.1928711    2297.2145996  
1120.0      2256.8481445    1175.6445312    2299.2084961  
1140.0      2268.7536621    1183.0566406    2301.5332031  
1160.0      2280.5898438    1190.4301758    2304.0664062  
1180.0      2292.3583984    1197.7659912    2306.5705566  
1200.0      2304.0615234    1205.0653076    2309.0466309  
1220.0      2315.7011719    1212.3289795    2311.4956055  
1240.0      2327.2788086    1219.5578613    2313.9177246  
1260.0      2338.7961426    1226.7529297    2316.3142090  
1280.0      2350.2546387    1235.5236816    2318.6853027  
1300.0      2361.6562500    1249.1457520    2321.0319824  
1320.0      2373.0017090    1262.6799316    2323.3547363  
1340.0      2384.2932129    1276.1276855    2325.6540527  
1360.0      2395.5317383    1289.4921875    2327.9309082  
1380.0      2406.7182617    1302.7730713    2330.1853027  
1400.0      2417.8542480    1315.9741211    2332.4182129  
1420.0      2428.9414062    1329.0975342    2334.6301270  
1440.0      2439.9804688    1342.1433105    2336.8212891  
1460.0      2452.1406250    1355.1132812    2338.9921875  
1480.0      2471.6948242    1368.0100098    2341.1433105  
1500.0      2491.1276855    1380.8350830    2343.2753906  
1520.0      2511.4741211    1394.9245605    2345.3884277  
1540.0      2531.7041016    1408.9450684    2347.4831543  
1560.0      2551.8203125    1422.8980713    2349.5598145  
1580.0      2571.8247070    1436.7846680    2351.6188965  
1600.0      2591.7192383    1450.6055908    2353.6606445  
1620.0      2611.5065918    1464.3630371    2355.6855469  
1640.0      2631.1899414    1478.0581055    2357.6938477  
1660.0      2650.7695312    1491.6912842    2359.6857910  
1680.0      2670.2480469    1505.2639160    2361.6618652  
1700.0      2689.6284180    1518.7777100    2363.6223145  
1720.0      2708.9116211    1532.2333984    2365.5676270  
1740.0      2728.1000977    1545.6318359    2367.4978027  
1760.0      2747.1953125    1558.9743652    2369.4133301  
1780.0      2766.1987305    1572.2614746    2371.3142090  
1800.0      2788.3605957    1587.7724609    2373.7141113  
1820.0      2816.1406250    1607.2440186    2377.0009766  
1840.0      2843.5834961    1626.5041504    2380.2343750  
1860.0      2870.7099609    1645.5664062    2383.4182129  
1880.0      2897.5270996    1664.4338379    2386.5529785  
1900.0      2924.0522461    1683.1180420    2389.6416016  
1920.0      2950.2978516    1701.6264648    2392.6860352  
1940.0      2976.2717285    1719.9638672    2395.6877441  
1960.0      3001.9858398    1738.1374512    2398.6484375  
1980.0      3027.4492188    1756.1524658    2401.5693359  
2000.0      3052.6713867    1774.0153809    2404.4523926  
2020.0      3080.8408203    1794.2593994    2407.2988281  
2040.0      3108.7851562    1814.3602295    2410.1093750  
2060.0      3136.5122070    1834.3237305    2412.8857422  
2080.0      3164.0292969    1854.1541748    2415.6291504  
2100.0      3191.3439941    1873.8557129    2418.3405762  
2120.0      3218.4602051    1893.4309082    2421.0205078  
2140.0      3245.3886719    1912.8869629    2423.6708984  
2160.0      3272.1328125    1932.2252197    2426.2919922  
2180.0      3298.6945801    1951.4471436    2428.8845215  
2200.0      3325.0817871    1970.5573730    2431.4492188  
2220.0      3351.3039551    1989.5627441    2433.9882812  
2240.0      3377.3581543    2008.4599609    2436.5004883  
2260.0      3403.2561035    2027.2574463    2438.9880371  
2280.0      3428.9970703    2045.9543457    2441.4509277  
2300.0      3454.5864258    2064.5534668    2443.8896484  
2320.0      3480.0273438    2083.0573730    2446.3051758  
2340.0      3505.3278809    2101.4716797    2448.6984863  
2360.0      3530.4855957    2119.7937012    2451.0693359  
2380.0      3555.5083008    2138.0283203    2453.4187012  
2400.0      3580.3974609    2156.1774902    2455.7470703  
2420.0      3605.1577148    2174.2429199    2458.0549316  
2440.0      3629.7871094    2192.2236328    2460.3422852  
2460.0      3654.2966309    2210.1274414    2462.6108398  
2480.0      3678.6835938    2227.9519043    2464.8598633  
2500.0      3702.9511719    2245.6982422    2467.0898438  
2520.0      3722.0720215    2257.9440918    2469.3022461  
2540.0      3741.0776367    2270.1149902    2471.4965820  
2560.0      3759.9726562    2282.2138672    2473.6730957  
2580.0      3778.7595215    2294.2424316    2475.8327637  
2600.0      3797.4414062    2306.2031250    2477.9758301  
2620.0      3816.0161133    2318.0937500    2480.1020508  
2640.0      3834.4904785    2329.9191895    2482.2124023  
2660.0      3852.8654785    2341.6791992    2484.3068848  
2680.0      3871.1428223    2353.3759766    2486.3862305  
2700.0      3889.3220215    2365.0083008    2488.4497070  
2720.0      3907.4091797    2376.5805664    2490.4990234  
2740.0      3925.4047852    2388.0935059    2492.5336914  
2760.0      3943.3095703    2399.5463867    2494.5541992  
2780.0      3961.1247559    2410.9404297    2496.5603027  
2800.0      3978.8527832    2422.2773438    2498.5527344  
2820.0      3996.4951172    2432.9958496    2500.5317383  
2840.0      4014.0529785    2442.1408691    2502.4973145  
2860.0      4031.5288086    2451.2387695    2504.4497070  
2880.0      4048.9228516    2460.2895508    2506.3896484  
2900.0      4066.2375488    2469.2941895    2508.3168945  
2920.0      4083.4738770    2478.2536621    2510.2314453  
2940.0      4100.6323242    2487.1684570    2512.1342773  
2960.0      4117.7163086    2496.0397949    2514.0249023  
2980.0      4134.7250977    2504.8681641    2515.9038086  
3000.0      4151.6606445    2513.6540527    2517.7709961  
3020.0      4167.0649414    2520.8034668    2519.6269531  
3040.0      4182.3989258    2527.9123535    2521.4716797  
3060.0      4197.6621094    2534.9807129    2523.3051758  
3080.0      4212.8574219    2542.0092773    2525.1279297  
3100.0      4227.9848633    2548.9992676    2526.9401855  
3120.0      4243.0454102    2555.9501953    2528.7416992  
3140.0      4258.0405273    2562.8635254    2530.5329590  
3160.0      4272.9707031    2569.7395020    2532.3137207  
3180.0      4287.8374023    2576.5786133    2534.0847168  
3200.0      4302.6425781    2583.3823242    2535.8459473  
3220.0      4317.3828125    2590.1484375    2537.5969238  
3240.0      4332.0639648    2596.8803711    2539.3386230  
3260.0      4346.6850586    2603.5781250    2541.0708008  
3280.0      4361.2480469    2610.2416992    2542.7937012  
3300.0      4375.7495117    2616.8698730    2544.5070801  
3320.0      4390.1953125    2623.4660645    2546.2114258  
3340.0      4404.5834961    2630.0290527    2547.9067383  
3360.0      4418.9165039    2636.5603027    2549.5935059  
3380.0      4433.1938477    2643.0590820    2551.2714844  
3400.0      4447.4169922    2649.5266113    2552.9406738  
3420.0      4461.5859375    2655.9631348    2554.6015625  
3440.0      4475.7021484    2662.3688965    2556.2539062  
3460.0      4489.7656250    2668.7446289    2557.8979492  
3480.0      4503.7773438    2675.0898438    2559.5339355  
3500.0      4517.7382812    2681.4062500    2561.1618652  
3520.0      4530.7690430    2685.3090820    2562.7819824  
3540.0      4543.7485352    2689.1828613    2564.3940430  
3560.0      4556.6796875    2693.0283203    2565.9982910  
3580.0      4569.5620117    2696.8459473    2567.5949707  
3600.0      4582.3969727    2700.6357422    2569.1840820  
3620.0      4595.1840820    2704.3981934    2570.7656250  
3640.0      4607.9243164    2708.1335449    2572.3398438  
3660.0      4621.6059570    2712.4121094    2574.0627441  
3680.0      4636.4252930    2717.3479004    2575.9653320  
3700.0      4651.1704102    2722.2409668    2577.8559570  
3720.0      4665.8432617    2727.0920410    2579.7353516  
3740.0      4680.4443359    2731.9016113    2581.6032715  
3760.0      4694.9750977    2736.6708984    2583.4602051  
3780.0      4709.4365234    2741.3999023    2585.3061523  
3800.0      4723.8305664    2746.0900879    2587.1416016  
3820.0      4738.1567383    2750.7412109    2588.9663086  
3840.0      4752.4194336    2755.3554688    2590.7807617  
3860.0      4766.6123047    2759.9296875    2592.5844727  
3880.0      4780.7446289    2764.4685059    2594.3784180  
3900.0      4794.8134766    2768.9709473    2596.1623535  
3920.0      4808.8164062    2773.4355469    2597.9360352  
3940.0      4822.7636719    2777.8676758    2599.7006836  
3960.0      4836.6479492    2782.2634277    2601.4555664  
3980.0      4850.4736328    2786.6254883    2603.2011719  
4000.0      4864.2416992    2790.9545898    2604.9377441  
4020.0      4899.2138672    2815.4028320    2606.6645508  
4040.0      4934.1323242    2839.8200684    2608.3828125  
4060.0      4968.9936523    2864.2045898    2610.0920410  
4080.0      5003.8002930    2888.5576172    2611.7927246  
4100.0      5038.5507812    2912.8779297    2613.4846191  
4120.0      5073.2485352    2937.1679688    2615.1682129  
4140.0      5107.8930664    2961.4272461    2616.8432617  
4160.0      5142.4853516    2985.6564941    2618.5100098  
4180.0      5177.0263672    3009.8557129    2620.1687012  
4200.0      5211.5170898    3034.0263672    2621.8195801  
4220.0      5245.9570312    3058.1677246    2623.4624023  
4240.0      5280.3442383    3082.2783203    2625.0966797  
4260.0      5314.6845703    3106.3618164    2626.7238770  
4280.0      5348.9765625    3130.4174805    2628.3432617  
4300.0      5383.2207031    3154.4455566    2629.9550781  
4320.0      5417.4169922    3178.4462891    2631.5595703  
4340.0      5451.5678711    3202.4204102    2633.1564941  
4360.0      4839.9262695    2616.7119141    2532.7829590  
4380.0      4867.5488281    2637.4594727    2533.3493652  
4400.0      4895.1708984    2658.2067871    2533.9155273  
4420.0      4922.7929688    2678.9538574    2534.4819336  
4440.0      4950.4155273    2699.7014160    2535.0480957  
4460.0      4978.0375977    2720.4487305    2535.6142578  
4480.0      5005.6601562    2741.1962891    2536.1806641  
4500.0      5033.2822266    2761.9433594    2536.7470703  
4520.0      5042.9833984    2767.6613770    2537.3132324  
4540.0      5052.6845703    2773.3796387    2537.8793945  
4560.0      5062.3857422    2779.0976562    2538.4458008  
4580.0      5072.0869141    2784.8156738    2539.0119629  
4600.0      5081.7880859    2790.5336914    2539.5781250  
4620.0      5091.4897461    2796.2519531    2540.1445312  
4640.0      5101.1904297    2801.9697266    2540.7109375  
4660.0      5110.8916016    2807.6879883    2541.2770996  
4680.0      5120.5927734    2813.4057617    2541.8432617  
4700.0      5130.2939453    2819.1237793    2542.4096680  
4720.0      5139.9946289    2824.8420410    2542.9758301  
4740.0      5149.6962891    2830.5600586    2543.5419922  
4760.0      5159.3974609    2836.2780762    2544.1083984  
4780.0      5169.0981445    2841.9960938    2544.6745605  
4800.0      5178.7993164    2847.7143555    2545.2407227  
4820.0      5188.5009766    2853.4321289    2545.8071289  
4840.0      5198.2021484    2859.1503906    2546.3735352  
4860.0      5207.9028320    2864.8684082    2546.9396973  
4880.0      5217.6044922    2870.5864258    2547.5061035  
4900.0      5227.3056641    2876.3044434    2548.0722656  
4920.0      5237.0068359    2882.0227051    2548.6386719  
4940.0      5246.7080078    2887.7407227    2549.2048340  
4960.0      5256.4091797    2893.4587402    2549.7709961  
4980.0      5266.1103516    2899.1765137    2550.3374023  
5000.0      5275.8110352    2904.8945312    2550.9035645  
