# CI_SMF2 -118.44606049 34.02196127
# 
# Depth (m)   Vp (m/s)        Vs(m/s)      Density(kg/m3)
   0.0       640.4749756     230.8860016    1966.1309814  
  20.0      1390.5310059     449.2754517    2084.5649414  
  40.0      1661.5500488     555.7445068    2127.3588867  
  60.0      1630.0850830     587.2815552    2122.3903809  
  80.0      1611.1199951     573.5452881    2119.3957520  
 100.0      1574.5517578     604.4797363    2113.6218262  
 120.0      1530.4658203     627.3600464    2106.6606445  
 140.0      1487.1433105     619.9908447    2099.8198242  
 160.0      1451.2010498     619.9908447    2094.1445312  
 180.0      1427.5754395     607.0514526    2090.4140625  
 200.0      1419.4969482     602.6407471    2089.1386719  
 220.0      1464.4813232     627.3048096    2096.2416992  
 240.0      1506.8594971     650.7659302    2102.9331055  
 260.0      1546.9790039     673.1743774    2109.2680664  
 280.0      1585.1175537     694.6511841    2115.2900391  
 300.0      1621.5051270     699.2408447    2121.0356445  
 320.0      1656.3286133     735.1973877    2126.5341797  
 340.0      1689.7448730     754.4198608    2131.8107910  
 360.0      1721.8895264     773.0257568    2136.8862305  
 380.0      1752.8765869     791.0673828    2141.7792969  
 400.0      1782.8049316     808.5893555    2146.5048828  
 420.0      1811.7617188     825.6320801    2151.0771484  
 440.0      1839.8197021     842.2286377    2155.5075684  
 460.0      1867.0476074     858.4111328    2159.8068848  
 480.0      1893.5029297     874.2060547    2163.9841309  
 500.0      1919.2403564     889.6395264    2168.0480957  
 520.0      1944.3044434     904.7321167    2172.0056152  
 540.0      1968.7385254     919.5042725    2175.8637695  
 560.0      1992.5809326     933.9744873    2179.6284180  
 580.0      2015.8648682     948.1584473    2183.3051758  
 600.0      2038.6246338     962.0724487    2186.8989258  
 620.0      2060.8872070     975.7294922    2190.4140625  
 640.0      2082.6774902     989.1413574    2193.8547363  
 660.0      2092.0014648    1042.6062012    2220.9855957  
 680.0      2103.8034668    1051.0913086    2223.5253906  
 700.0      2115.4565430    1059.5004883    2226.0158691  
 720.0      2126.9682617    1067.8375244    2228.4597168  
 740.0      2138.3439941    1076.1051025    2230.8586426  
 760.0      2149.5910645    1084.3066406    2233.2153320  
 780.0      2160.7138672    1092.4440918    2235.5310059  
 800.0      2171.7185059    1100.5203857    2237.8076172  
 820.0      2182.6093750    1108.5379639    2240.0468750  
 840.0      2193.3913574    1116.4990234    2242.2502441  
 860.0      2204.0688477    1124.4052734    2244.4189453  
 880.0      2214.6450195    1132.2589111    2246.5544434  
 900.0      2225.1245117    1140.0617676    2248.6579590  
 920.0      2235.5104980    1147.8157959    2250.7304688  
 940.0      2245.8066406    1155.5223389    2252.7736816  
 960.0      2256.0161133    1163.1826172    2254.7880859  
 980.0      2266.1408691    1170.7990723    2256.7749023  
1000.0      2276.1850586    1178.3721924    2258.7346191  
1020.0      2284.1025391    1187.5847168    2260.6687012  
1040.0      2291.9443359    1196.7569580    2262.5778809  
1060.0      2299.7126465    1205.8898926    2264.4624023  
1080.0      2307.4094238    1214.9847412    2266.3239746  
1100.0      2315.0371094    1224.0427246    2268.1625977  
1120.0      2322.5986328    1233.0644531    2269.9790039  
1140.0      2330.0944824    1242.0515137    2271.7739258  
1160.0      2337.5273438    1251.0042725    2273.5483398  
1180.0      2344.8989258    1259.9239502    2275.3022461  
1200.0      2352.2111816    1268.8116455    2277.0371094  
1220.0      2359.4653320    1277.6677246    2278.7521973  
1240.0      2366.6630859    1286.4931641    2280.4489746  
1260.0      2373.8061523    1295.2888184    2282.1276855  
1280.0      2380.8952637    1304.0548096    2283.7885742  
1300.0      2387.9328613    1312.7928467    2285.4323730  
1320.0      2394.9194336    1321.5028076    2287.0595703  
1340.0      2401.8569336    1330.1862793    2288.6706543  
1360.0      2408.7460938    1338.8427734    2290.2653809  
1380.0      2415.5878906    1347.4731445    2291.8447266  
1400.0      2422.3842773    1356.0786133    2293.4091797  
1420.0      2429.1347656    1364.6588135    2294.9584961  
1440.0      2435.8427734    1373.2154541    2296.4936523  
1460.0      2442.5073242    1381.7481689    2298.0146484  
1480.0      2449.1301270    1390.2575684    2299.5217285  
1500.0      2455.7119141    1398.7441406    2301.3205566  
1520.0      2463.7675781    1404.8026123    2303.2463379  
1540.0      2471.7841797    1410.8392334    2305.1552734  
1560.0      2479.7624512    1416.8544922    2307.0476074  
1580.0      2487.7033691    1422.8488770    2308.9240723  
1600.0      2495.6074219    1428.8227539    2310.7846680  
1620.0      2503.4755859    1434.7762451    2312.6298828  
1640.0      2511.3085938    1440.7103271    2314.4602051  
1660.0      2519.1074219    1446.6247559    2316.2756348  
1680.0      2526.8720703    1452.5202637    2318.0764160  
1700.0      2534.6037598    1463.2639160    2319.8632812  
1720.0      2542.3027344    1474.0297852    2321.6359863  
1740.0      2549.9702148    1484.7453613    2323.3950195  
1760.0      2557.6064453    1495.4117432    2325.1408691  
1780.0      2565.2119141    1506.0292969    2326.8735352  
1800.0      2572.7873535    1516.5987549    2328.5930176  
1820.0      2580.3330078    1527.1217041    2330.3000488  
1840.0      2587.8498535    1537.5980225    2331.9946289  
1860.0      2595.3383789    1548.0294189    2333.6770020  
1880.0      2602.7988281    1558.4156494    2335.3474121  
1900.0      2610.2316895    1568.7583008    2337.0058594  
1920.0      2617.6379395    1579.0578613    2338.6530762  
1940.0      2631.3745117    1589.3148193    2340.2885742  
1960.0      2645.2282715    1599.5297852    2341.9130859  
1980.0      2659.0126953    1609.7038574    2343.5266113  
2000.0      2672.7287598    1619.8375244    2345.1293945  
2020.0      2689.8728027    1631.4187012    2346.7214355  
2040.0      2706.9499512    1642.9599609    2348.3029785  
2060.0      2723.9626465    1654.4631348    2349.8742676  
2080.0      2740.9106445    1665.9276123    2351.4353027  
2100.0      2757.7958984    1677.3549805    2352.9865723  
2120.0      2774.6188965    1688.7448730    2354.5278320  
2140.0      2791.3808594    1700.0989990    2356.0598145  
2160.0      2808.0832520    1711.4172363    2357.5820312  
2180.0      2824.7258301    1722.6997070    2359.0949707  
2200.0      2841.3103027    1733.9472656    2360.5986328  
2220.0      2857.8371582    1745.1606445    2362.0932617  
2240.0      2874.3073730    1756.3400879    2363.5791016  
2260.0      2890.7216797    1767.4855957    2365.0559082  
2280.0      2907.0817871    1778.5988770    2366.5241699  
2300.0      2923.3872070    1789.6789551    2367.9838867  
2320.0      2939.6391602    1800.7270508    2369.4350586  
2340.0      2955.8388672    1811.7436523    2370.8779297  
2360.0      2971.9865723    1822.7291260    2372.3127441  
2380.0      2988.0844727    1833.6844482    2373.7397461  
2400.0      3004.1298828    1844.6080322    2375.1584473  
2420.0      3020.1264648    1855.5017090    2376.5693359  
2440.0      3036.0742188    1866.3660889    2377.9724121  
2460.0      3051.9731445    1877.2009277    2379.3679199  
2480.0      3067.8259277    1888.0080566    2380.7561035  
2500.0      3083.6286621    1898.7843018    2382.1364746  
2520.0      3095.8715820    1904.9614258    2383.5097656  
2540.0      3108.0686035    1911.1105957    2384.8757324  
2560.0      3120.2197266    1917.2316895    2386.2343750  
2580.0      3132.3269043    1923.3264160    2387.5864258  
2600.0      3144.3894043    1929.3935547    2388.9311523  
2620.0      3156.4084473    1935.4343262    2390.2690430  
2640.0      3168.3847656    1941.4489746    2391.6003418  
2660.0      3180.3190918    1947.4378662    2392.9248047  
2680.0      3192.2111816    1953.4011230    2394.2426758  
2700.0      3204.0617676    1959.3391113    2395.5541992  
2720.0      3215.8715820    1965.2517090    2396.8588867  
2740.0      3227.6408691    1971.1396484    2398.1574707  
2760.0      3239.3710938    1977.0034180    2399.4497070  
2780.0      3251.0610352    1982.8428955    2400.7358398  
2800.0      3262.7124023    1988.6583252    2402.0156250  
2820.0      3274.3254395    1994.4504395    2403.2895508  
2840.0      3285.9001465    2000.2188721    2404.5573730  
2860.0      3297.4372559    2005.9641113    2405.8193359  
2880.0      3308.9375000    2011.6865234    2407.0751953  
2900.0      3320.4011230    2017.3862305    2408.3254395  
2920.0      3331.8283691    2023.0634766    2409.5698242  
2940.0      3343.2194824    2028.7186279    2410.8085938  
2960.0      3354.5751953    2034.3520508    2412.0419922  
2980.0      3365.8964844    2039.9638672    2413.2697754  
3000.0      3377.1826172    2045.5538330    2414.4919434  
3020.0      3378.4548340    2043.2351074    2415.7087402  
3040.0      3379.6933594    2040.8953857    2416.9201660  
3060.0      3380.8981934    2038.5346680    2418.1264648  
3080.0      3382.0693359    2036.1530762    2419.3271484  
3100.0      3383.2084961    2033.7517090    2420.5229492  
3120.0      3395.3596191    2039.2725830    2423.4575195  
3140.0      3466.5561523    2087.4470215    2435.7153320  
3160.0      3531.0270996    2131.0488281    2446.9113770  
3180.0      3590.0136719    2170.9033203    2457.2412109  
3200.0      3644.4318848    2207.6235352    2466.8498535  
3220.0      3694.9821777    2241.6796875    2475.8476562  
3240.0      3742.2182617    2273.4450684    2484.3222656  
3260.0      3786.5747070    2303.2138672    2492.3420410  
3280.0      3828.4013672    2331.2229004    2499.9624023  
3300.0      3867.9897461    2349.9916992    2507.2292480  
3320.0      3905.5832520    2367.5705566    2514.1811523  
3340.0      3941.3837891    2384.1140137    2520.8500977  
3360.0      3975.5659180    2399.7229004    2527.2631836  
3380.0      4008.2775879    2414.4826660    2533.4443359  
3400.0      4039.6467285    2428.4675293    2539.4135742  
3420.0      4069.7875977    2441.7434082    2545.1887207  
3440.0      4098.7915039    2454.3630371    2550.7841797  
3460.0      4126.7509766    2466.3793945    2556.2150879  
3480.0      4153.7412109    2477.8359375    2561.4926758  
3500.0      4179.8291016    2488.7714844    2566.6279297  
3520.0      4228.9848633    2518.2116699    2574.7150879  
3540.0      4286.5019531    2552.4794922    2584.1225586  
3560.0      4340.9291992    2584.9633789    2593.0422363  
3580.0      4392.6333008    2615.8747559    2601.5317383  
3600.0      4441.9145508    2645.3872070    2609.6389160  
3620.0      4367.7944336    2417.9704590    2598.2607422  
3640.0      4363.8237305    2414.1752930    2597.9594727  
3660.0      4359.8530273    2410.3801270    2597.6579590  
3680.0      4355.8823242    2406.5849609    2597.3564453  
3700.0      4351.9116211    2402.7897949    2597.0549316  
3720.0      4347.9409180    2398.9943848    2596.7534180  
3740.0      4343.9697266    2395.1994629    2596.4519043  
3760.0      4339.9985352    2391.4045410    2596.1503906  
3780.0      4336.0278320    2387.6091309    2595.8491211  
3800.0      4332.0566406    2383.8139648    2595.5473633  
3820.0      4328.0859375    2380.0187988    2595.2460938  
3840.0      4324.1152344    2376.2236328    2594.9445801  
3860.0      4320.1445312    2372.4284668    2594.6430664  
3880.0      4316.1738281    2368.6333008    2594.3417969  
3900.0      4312.2026367    2364.8381348    2594.0400391  
3920.0      4308.2319336    2361.0429688    2593.7387695  
3940.0      4304.2612305    2357.2478027    2593.4372559  
3960.0      4300.2900391    2353.4526367    2593.1357422  
3980.0      4296.3188477    2349.6577148    2592.8342285  
4000.0      4292.3481445    2345.8623047    2592.5327148  
4020.0      4297.9741211    2349.0971680    2592.2312012  
4040.0      4303.6015625    2352.3322754    2591.9296875  
4060.0      4309.2275391    2355.5673828    2591.6284180  
4080.0      4314.8535156    2358.8022461    2591.3266602  
4100.0      4320.4799805    2362.0371094    2591.0253906  
4120.0      4326.1064453    2365.2719727    2590.7238770  
4140.0      4331.7329102    2368.5070801    2590.4223633  
4160.0      4337.3593750    2371.7419434    2590.1208496  
4180.0      4342.9853516    2374.9768066    2589.8193359  
4200.0      4348.6123047    2378.2116699    2589.5180664  
4220.0      4354.2387695    2381.4465332    2589.2165527  
4240.0      4359.8652344    2384.6813965    2588.9150391  
4260.0      4365.4912109    2387.9167480    2588.6135254  
4280.0      4371.1176758    2391.1516113    2588.3120117  
4300.0      4376.7441406    2394.3864746    2588.0104980  
4320.0      4382.3706055    2397.6215820    2587.7089844  
4340.0      4387.9970703    2400.8564453    2587.4074707  
4360.0      4393.6235352    2404.0913086    2587.1059570  
4380.0      4399.2500000    2407.3261719    2586.8046875  
4400.0      4404.8764648    2410.5610352    2586.5031738  
4420.0      4410.5024414    2413.7961426    2586.2016602  
4440.0      4416.1289062    2417.0307617    2585.9001465  
4460.0      4421.7553711    2420.2658691    2585.5986328  
4480.0      4427.3818359    2423.5007324    2585.2973633  
4500.0      4433.0087891    2426.7360840    2584.9958496  
4520.0      4442.4726562    2430.4006348    2584.6943359  
4540.0      4451.9370117    2434.0651855    2584.3928223  
4560.0      4461.4013672    2437.7297363    2584.0913086  
4580.0      4470.8652344    2441.3942871    2583.7897949  
4600.0      4480.3295898    2445.0588379    2583.4882812  
4620.0      4489.7939453    2448.7233887    2583.1870117  
4640.0      4499.2578125    2452.3881836    2582.8852539  
4660.0      4508.7226562    2456.0527344    2582.5839844  
4680.0      4518.1865234    2459.7177734    2582.2824707  
4700.0      4527.6513672    2463.3823242    2581.9809570  
4720.0      4537.1157227    2467.0468750    2581.6794434  
4740.0      4546.5800781    2470.7114258    2581.3779297  
4760.0      4556.0439453    2474.3759766    2581.0766602  
4780.0      4565.5083008    2478.0407715    2580.7751465  
4800.0      4574.9721680    2481.7053223    2580.4736328  
4820.0      4584.4370117    2485.3698730    2580.1721191  
4840.0      4593.9008789    2489.0346680    2579.8706055  
4860.0      4603.3652344    2492.6992188    2579.5690918  
4880.0      4612.8300781    2496.3637695    2579.2675781  
4900.0      4622.2939453    2500.0285645    2578.9660645  
4920.0      4631.7583008    2503.6931152    2578.6645508  
4940.0      4641.2226562    2507.3576660    2578.3632812  
4960.0      4650.6865234    2511.0224609    2578.0617676  
4980.0      4660.1513672    2514.6870117    2577.7602539  
5000.0      4669.6152344    2518.3515625    2577.4587402  
