# CE_24461 -118.15095665 34.07048871
# 
# Depth (m)   Vp (m/s)        Vs(m/s)      Density(kg/m3)
   0.0       696.4910278     233.7899933    1974.9759521  
  20.0      1275.1688232     613.2175293    2066.3491211  
  40.0      1661.5500488     531.8299561    2127.3588867  
  60.0      1630.9310303     582.5549927    2122.5239258  
  80.0      1641.6928711     588.0000000    2124.2233887  
 100.0      1676.5274658     603.4699707    2129.7236328  
 120.0      1742.4815674     627.8599854    2140.1379395  
 140.0      1842.8006592     646.1400146    2155.9782715  
 160.0      1977.4254150     646.1400146    2177.2353516  
 180.0      2143.3278809     667.4799805    2203.4313965  
 200.0      2334.8642578     694.9099731    2233.6750488  
 220.0      2381.6799316     694.9099731    2241.0673828  
 240.0      2425.8469238     725.3900146    2248.0412598  
 260.0      2467.7482910     725.3900146    2254.6574707  
 280.0      2507.6804199     725.3900146    2260.9626465  
 300.0      2545.8830566     725.3900146    2266.9948730  
 320.0      2583.2770996    1336.1702881    2279.0766602  
 340.0      2591.5795898    1342.8951416    2283.3613281  
 360.0      2599.4260254    1349.3594971    2287.4951172  
 380.0      2606.8593750    1355.5876465    2291.4931641  
 400.0      2613.9155273    1361.5996094    2295.3666992  
 420.0      2620.6257324    1367.4125977    2299.1262207  
 440.0      2627.0175781    1373.0423584    2303.6166992  
 460.0      2633.1130371    1378.5008545    2308.2429199  
 480.0      2638.9362793    1383.8020020    2312.7524414  
 500.0      2644.5029297    1388.9544678    2317.1518555  
 520.0      2657.1835938    1409.0239258    2321.4489746  
 540.0      2669.6406250    1431.3571777    2325.6501465  
 560.0      2681.8872070    1453.3468018    2329.7609863  
 580.0      2693.9353027    1475.0122070    2333.7866211  
 600.0      2705.7958984    1496.3701172    2337.7319336  
 620.0      2729.0878906    1517.4366455    2341.6010742  
 640.0      2755.7985840    1538.2280273    2345.3984375  
 660.0      2782.0749512    1558.7554932    2349.1269531  
 680.0      2807.9357910    1579.0306396    2352.7900391  
 700.0      2833.4042969    1599.0676270    2356.3913574  
 720.0      2858.4934082    1618.8726807    2359.9323730  
 740.0      2883.2263184    1638.4605713    2363.4174805  
 760.0      2907.6147461    1657.8377686    2366.8479004  
 780.0      2931.6696777    1677.0106201    2370.2258301  
 800.0      2955.4096680    1695.9906006    2373.5541992  
 820.0      2978.8447266    1714.7828369    2376.8342285  
 840.0      3001.9875488    1733.3952637    2380.0681152  
 860.0      3024.8476562    1751.8336182    2383.2573242  
 880.0      3047.4360352    1770.1042480    2386.4038086  
 900.0      3069.7626953    1788.2126465    2389.5087891  
 920.0      3091.8361816    1806.1645508    2392.5737305  
 940.0      3113.6650391    1823.9645996    2395.6000977  
 960.0      3135.2575684    1841.6181641    2398.5893555  
 980.0      3156.6213379    1859.1293945    2401.5422363  
1000.0      3177.7639160    1876.5025635    2404.4602051  
1020.0      3201.3103027    1895.3093262    2407.3442383  
1040.0      3224.6486816    1913.9860840    2410.1955566  
1060.0      3247.7854004    1932.5371094    2413.0151367  
1080.0      3270.7260742    1950.9649658    2415.8034668  
1100.0      3293.4758301    1969.2731934    2418.5617676  
1120.0      3316.0405273    1987.4650879    2421.2907715  
1140.0      3338.4257812    2005.5443115    2423.9916992  
1160.0      3360.6357422    2023.5130615    2426.6645508  
1180.0      3382.6752930    2041.3743896    2429.3107910  
1200.0      3404.5483398    2059.1306152    2431.9306641  
1220.0      3426.2604980    2076.7854004    2434.5251465  
1240.0      3447.8142090    2094.3398438    2437.0947266  
1260.0      3469.2145996    2111.7966309    2439.6396484  
1280.0      3490.4663086    2129.1599121    2442.1616211  
1300.0      3511.5703125    2146.4289551    2444.6599121  
1320.0      3532.5297852    2163.6059570    2447.1357422  
1340.0      3553.3522949    2180.6958008    2449.5895996  
1360.0      3574.0366211    2197.6975098    2452.0217285  
1380.0      3594.5883789    2214.6149902    2454.4331055  
1400.0      3615.0102539    2231.4492188    2456.8237305  
1420.0      3635.3044434    2248.2021484    2459.1943359  
1440.0      3655.4738770    2264.8745117    2461.5451660  
1460.0      3675.5212402    2281.4692383    2463.8767090  
1480.0      3695.4492188    2297.9868164    2466.1894531  
1500.0      3715.2600098    2314.4294434    2468.4836426  
1520.0      3733.0932617    2326.4970703    2470.7597656  
1540.0      3750.8144531    2338.4926758    2473.0183105  
1560.0      3768.4255371    2350.4169922    2475.2592773  
1580.0      3785.9291992    2362.2719727    2477.4833984  
1600.0      3803.3264160    2374.0588379    2479.6909180  
1620.0      3820.6196289    2385.7778320    2481.8818359  
1640.0      3837.8125000    2397.4321289    2484.0566406  
1660.0      3856.7243652    2410.3676758    2486.5031738  
1680.0      3882.1062012    2428.1079102    2489.9714355  
1700.0      3907.2172852    2445.6701660    2493.3967285  
1720.0      3932.0673828    2463.0607910    2496.7807617  
1740.0      3956.6662598    2480.1530762    2500.1252441  
1760.0      3981.0205078    2493.7172852    2503.4311523  
1780.0      4005.1359863    2507.1437988    2506.6992188  
1800.0      4029.0251465    2520.4399414    2509.9316406  
1820.0      4052.6916504    2533.6071777    2513.1289062  
1840.0      4076.1374512    2546.6472168    2516.2912598  
1860.0      4099.3750000    2559.5668945    2519.4206543  
1880.0      4122.4072266    2572.3679199    2522.5178223  
1900.0      4145.2412109    2585.0546875    2525.5834961  
1920.0      4167.8813477    2597.6291504    2528.6186523  
1940.0      4190.3320312    2610.0947266    2531.6240234  
1960.0      4212.5991211    2622.4541016    2534.6000977  
1980.0      4234.6860352    2634.7094727    2537.5480957  
2000.0      4256.5996094    2646.8649902    2540.4685059  
2020.0      4524.5190430    2374.1079102    2582.3198242  
2040.0      4533.0219727    2382.8801270    2583.2094727  
2060.0      4541.5249023    2391.6523438    2584.0991211  
2080.0      4550.0283203    2400.4243164    2584.9887695  
2100.0      4558.5317383    2409.1965332    2585.8781738  
2120.0      4567.0351562    2417.9687500    2586.7678223  
2140.0      4575.5380859    2426.7407227    2587.6574707  
2160.0      4584.0410156    2435.5129395    2588.5468750  
2180.0      4592.5449219    2444.2846680    2589.4365234  
2200.0      4601.0483398    2453.0568848    2590.3261719  
2220.0      4609.5512695    2461.8293457    2591.2158203  
2240.0      4618.0541992    2470.6010742    2592.1054688  
2260.0      4626.5581055    2479.3732910    2592.9951172  
2280.0      4635.0615234    2488.1457520    2593.8847656  
2300.0      4643.5644531    2496.9172363    2594.7744141  
2320.0      4652.0673828    2505.6896973    2595.6640625  
2340.0      4660.5708008    2514.4616699    2596.5534668  
2360.0      4669.0747070    2523.2338867    2597.4433594  
2380.0      4677.5771484    2532.0058594    2598.3327637  
2400.0      4686.0810547    2540.7780762    2599.2224121  
2420.0      4694.5839844    2549.5500488    2600.1118164  
2440.0      4703.0874023    2558.3222656    2601.0014648  
2460.0      4711.5903320    2567.0942383    2601.8911133  
2480.0      4720.0942383    2575.8664551    2602.7807617  
2500.0      4728.5971680    2584.6386719    2603.6704102  
2520.0      4727.6230469    2586.0739746    2604.5600586  
2540.0      4726.6479492    2587.5092773    2605.4497070  
2560.0      4725.6738281    2588.9445801    2606.3393555  
2580.0      4724.6992188    2590.3801270    2607.2290039  
2600.0      4723.7241211    2591.8154297    2608.1184082  
2620.0      4722.7495117    2593.2507324    2609.0080566  
2640.0      4721.7753906    2594.6860352    2609.8977051  
2660.0      4720.8012695    2596.1213379    2610.7873535  
2680.0      4719.8261719    2597.5568848    2611.6767578  
2700.0      4718.8515625    2598.9921875    2612.5664062  
2720.0      4717.8774414    2600.4274902    2613.4560547  
2740.0      4716.9033203    2601.8627930    2614.3457031  
2760.0      4715.9282227    2603.2980957    2615.2353516  
2780.0      4714.9536133    2604.7333984    2616.1250000  
2800.0      4713.9790039    2606.1687012    2617.0146484  
2820.0      4713.0043945    2607.6040039    2617.9042969  
2840.0      4712.0297852    2609.0393066    2618.7937012  
2860.0      4711.0556641    2610.4746094    2619.6833496  
2880.0      4710.0810547    2611.9101562    2620.5729980  
2900.0      4709.1064453    2613.3452148    2621.4626465  
2920.0      4708.1318359    2614.7807617    2622.3520508  
2940.0      4707.1577148    2616.2160645    2623.2416992  
2960.0      4706.1831055    2617.6513672    2624.1313477  
2980.0      4705.2080078    2619.0866699    2625.0209961  
3000.0      4704.2333984    2620.5219727    2625.9106445  
3020.0      4703.5239258    2620.6418457    2626.8002930  
3040.0      4702.8149414    2620.7617188    2627.6899414  
3060.0      4702.1049805    2620.8813477    2628.5795898  
3080.0      4701.3955078    2621.0012207    2629.4689941  
3100.0      4700.6860352    2621.1210938    2630.3586426  
3120.0      4699.9770508    2621.2407227    2631.2482910  
3140.0      4699.2670898    2621.3605957    2632.1379395  
3160.0      4698.5576172    2621.4804688    2633.0273438  
3180.0      4697.8481445    2621.6000977    2633.9169922  
3200.0      4697.1381836    2621.7199707    2634.8066406  
3220.0      4696.4291992    2621.8395996    2635.6962891  
3240.0      4695.7192383    2621.9594727    2636.5859375  
3260.0      4695.0097656    2622.0791016    2637.4755859  
3280.0      4694.3002930    2622.1989746    2638.3652344  
3300.0      4693.5908203    2622.3188477    2639.2548828  
3320.0      4692.8813477    2622.4387207    2640.1445312  
3340.0      4692.1718750    2622.5583496    2641.0339355  
3360.0      4691.4619141    2622.6782227    2641.9235840  
3380.0      4690.7524414    2622.7978516    2642.8132324  
3400.0      4690.0429688    2622.9177246    2643.7026367  
3420.0      4689.3334961    2623.0373535    2644.5922852  
3440.0      4688.6240234    2623.1572266    2645.4819336  
3460.0      4687.9145508    2623.2770996    2646.3715820  
3480.0      4687.2050781    2623.3967285    2647.2612305  
3500.0      4686.4956055    2623.5166016    2648.1508789  
3520.0      4688.0898438    2624.7109375    2649.0405273  
3540.0      4689.6845703    2625.9052734    2649.9301758  
3560.0      4691.2788086    2627.0998535    2650.8198242  
3580.0      4692.8730469    2628.2941895    2651.7092285  
3600.0      4694.4682617    2629.4882812    2652.5988770  
3620.0      4696.0625000    2630.6828613    2653.4885254  
3640.0      4697.6572266    2631.8774414    2654.3781738  
3660.0      4699.2514648    2633.0712891    2655.2675781  
3680.0      4700.8461914    2634.2661133    2656.1572266  
3700.0      4702.4404297    2635.4604492    2657.0468750  
3720.0      4704.0351562    2636.6547852    2657.9365234  
3740.0      4705.6298828    2637.8488770    2658.8261719  
3760.0      4707.2246094    2639.0432129    2659.7158203  
3780.0      4708.8188477    2640.2375488    2660.6054688  
3800.0      4710.4130859    2641.4321289    2661.4951172  
3820.0      4712.0078125    2642.6264648    2662.3847656  
3840.0      4713.6020508    2643.8208008    2663.2741699  
3860.0      4715.1967773    2645.0151367    2664.1638184  
3880.0      4716.7910156    2646.2094727    2665.0534668  
3900.0      4718.3852539    2647.4035645    2665.9428711  
3920.0      4719.9804688    2648.5981445    2666.8325195  
3940.0      4721.5751953    2649.7922363    2667.7221680  
3960.0      4723.1694336    2650.9868164    2668.6118164  
3980.0      4724.7636719    2652.1811523    2669.5014648  
4000.0      4726.3579102    2653.3754883    2670.3911133  
4020.0      4729.0312500    2655.1525879    2671.2807617  
4040.0      4731.7045898    2656.9299316    2672.1704102  
4060.0      4734.3774414    2658.7067871    2673.0600586  
4080.0      4737.0502930    2660.4838867    2673.9494629  
4100.0      4739.7236328    2662.2609863    2674.8391113  
4120.0      4742.3964844    2664.0380859    2675.7287598  
4140.0      4745.0698242    2665.8149414    2676.6184082  
4160.0      4747.7431641    2667.5922852    2677.5078125  
4180.0      4750.4165039    2669.3693848    2678.3974609  
4200.0      4753.0893555    2671.1459961    2679.2871094  
4220.0      4755.7622070    2672.9233398    2680.1767578  
4240.0      4758.4355469    2674.7004395    2681.0664062  
4260.0      4761.1083984    2676.4772949    2681.9560547  
4280.0      4763.7817383    2678.2543945    2682.8457031  
4300.0      4766.4545898    2680.0314941    2683.7351074  
4320.0      4769.1274414    2681.8085938    2684.6247559  
4340.0      4771.8007812    2683.5856934    2685.5144043  
4360.0      4774.4736328    2685.3625488    2686.4040527  
4380.0      4777.1469727    2687.1396484    2687.2937012  
4400.0      4779.8198242    2688.9167480    2688.1831055  
4420.0      4782.4931641    2690.6938477    2689.0727539  
4440.0      4785.1660156    2692.4709473    2689.9624023  
4460.0      4787.8388672    2694.2480469    2690.8520508  
4480.0      4790.5122070    2696.0253906    2691.7416992  
4500.0      4793.1850586    2697.8022461    2692.6313477  
4520.0      4802.0488281    2704.4829102    2693.5209961  
4540.0      4810.9121094    2711.1640625    2694.4104004  
4560.0      4819.7758789    2717.8447266    2695.3000488  
4580.0      4828.6391602    2724.5253906    2696.1896973  
4600.0      4837.5024414    2731.2062988    2697.0793457  
4620.0      4846.3662109    2737.8872070    2697.9689941  
4640.0      4855.2299805    2744.5678711    2698.8586426  
4660.0      4864.0932617    2751.2485352    2699.7480469  
4680.0      4872.9565430    2757.9296875    2700.6376953  
4700.0      4881.8203125    2764.6103516    2701.5273438  
4720.0      4890.6835938    2771.2910156    2702.4169922  
4740.0      4899.5468750    2777.9719238    2703.3066406  
4760.0      4908.4106445    2784.6530762    2704.1962891  
4780.0      4917.2744141    2791.3337402    2705.0859375  
4800.0      4926.1376953    2798.0141602    2705.9753418  
4820.0      4935.0009766    2804.6953125    2706.8649902  
4840.0      4943.8647461    2811.3762207    2707.7546387  
4860.0      4952.7280273    2818.0566406    2708.6442871  
4880.0      4961.5917969    2824.7377930    2709.5339355  
4900.0      4970.4550781    2831.4187012    2710.4233398  
4920.0      4979.3183594    2838.0996094    2711.3129883  
4940.0      4988.1821289    2844.7802734    2712.2026367  
4960.0      4997.0454102    2851.4609375    2713.0922852  
4980.0      5005.9091797    2858.1420898    2713.9819336  
5000.0      5014.7724609    2864.8227539    2714.8715820  
