# CI_BBS -116.98054153 33.92142820
# 
# Depth (m)   Vp (m/s)        Vs(m/s)      Density(kg/m3)
   0.0      3131.1850586    1640.2365723    2620.6855469  
  20.0      3130.7397461    1639.9118652    2620.6855469  
  40.0      3130.2944336    1639.5871582    2620.6855469  
  60.0      3129.8493652    1639.2624512    2620.6855469  
  80.0      3129.4042969    1638.9378662    2620.6855469  
 100.0      3128.9589844    1638.6132812    2620.6855469  
 120.0      3128.5136719    1638.2885742    2620.6855469  
 140.0      3128.0683594    1637.9638672    2620.6855469  
 160.0      3127.6230469    1637.6391602    2620.6855469  
 180.0      3127.1779785    1637.3145752    2620.6855469  
 200.0      3126.7329102    1636.9899902    2620.6855469  
 220.0      3126.2875977    1636.6652832    2620.6855469  
 240.0      3125.8422852    1636.3405762    2620.6855469  
 260.0      3125.3969727    1636.0159912    2620.6855469  
 280.0      3124.9516602    1635.6914062    2620.6855469  
 300.0      3124.5065918    1635.3666992    2620.6855469  
 320.0      3124.0615234    1635.0419922    2620.6855469  
 340.0      3123.6162109    1634.7172852    2620.6855469  
 360.0      3123.1708984    1634.3927002    2620.6855469  
 380.0      3122.7255859    1634.0681152    2620.6855469  
 400.0      3122.2802734    1633.7434082    2620.6855469  
 420.0      3121.8352051    1633.4187012    2620.6855469  
 440.0      3121.3901367    1633.0939941    2620.6855469  
 460.0      3120.9448242    1632.7694092    2620.6855469  
 480.0      3120.4995117    1632.4448242    2620.6855469  
 500.0      3120.0541992    1632.1201172    2620.6855469  
 520.0      3131.0466309    1640.5488281    2620.6855469  
 540.0      3142.0390625    1648.9774170    2620.6855469  
 560.0      3153.0312500    1657.4060059    2620.6855469  
 580.0      3164.0236816    1665.8347168    2620.6855469  
 600.0      3175.0161133    1674.2634277    2620.6855469  
 620.0      3186.0083008    1682.6920166    2620.6855469  
 640.0      3197.0007324    1691.1207275    2620.6855469  
 660.0      3207.9931641    1699.5493164    2620.6855469  
 680.0      3218.9853516    1707.9780273    2620.6855469  
 700.0      3229.9780273    1716.4067383    2620.6855469  
 720.0      3240.9702148    1724.8353271    2620.6855469  
 740.0      3251.9624023    1733.2639160    2620.6855469  
 760.0      3262.9550781    1741.6926270    2620.6855469  
 780.0      3273.9472656    1750.1213379    2620.6855469  
 800.0      3284.9396973    1758.5499268    2620.6855469  
 820.0      3295.9321289    1766.9785156    2620.6855469  
 840.0      3306.9243164    1775.4072266    2620.6855469  
 860.0      3317.9167480    1783.8359375    2620.6855469  
 880.0      3328.9091797    1792.2645264    2620.6855469  
 900.0      3339.9013672    1800.6931152    2620.6855469  
 920.0      3350.8937988    1809.1218262    2620.6855469  
 940.0      3361.8862305    1817.5505371    2620.6855469  
 960.0      3372.8784180    1825.9792480    2620.6855469  
 980.0      3383.8708496    1834.4078369    2620.6855469  
1000.0      3394.9282227    1842.8662109    2620.6958008  
1020.0      3411.6511230    1854.4660645    2621.5336914  
1040.0      3428.3750000    1866.0662842    2622.3715820  
1060.0      3445.0976562    1877.6662598    2623.2094727  
1080.0      3461.8208008    1889.2666016    2624.0471191  
1100.0      3478.5439453    1900.8666992    2624.8850098  
1120.0      3495.2673340    1912.4666748    2625.7229004  
1140.0      3511.9907227    1924.0668945    2626.5605469  
1160.0      3528.7141113    1935.6669922    2627.3984375  
1180.0      3545.4375000    1947.2669678    2628.2363281  
1200.0      3562.1606445    1958.8671875    2629.0742188  
1220.0      3578.8837891    1970.4672852    2629.9121094  
1240.0      3595.6069336    1982.0672607    2630.7497559  
1260.0      3612.3303223    1993.6674805    2631.5876465  
1280.0      3629.0537109    2005.2675781    2632.4255371  
1300.0      3645.7766113    2016.8674316    2633.2631836  
1320.0      3662.5000000    2028.4674072    2634.1010742  
1340.0      3679.2231445    2040.0678711    2634.9389648  
1360.0      3695.9467773    2051.6679688    2635.7768555  
1380.0      3712.6694336    2063.2680664    2636.6145020  
1400.0      3729.3928223    2074.8679199    2637.4523926  
1420.0      3746.1162109    2086.4680176    2638.2902832  
1440.0      3762.8395996    2098.0683594    2639.1279297  
1460.0      3779.5629883    2109.6684570    2639.9658203  
1480.0      3796.2861328    2121.2683105    2640.8037109  
1500.0      3813.0092773    2132.8686523    2641.6416016  
1520.0      3825.1723633    2140.1638184    2642.4792480  
1540.0      3837.3369141    2147.4589844    2643.3171387  
1560.0      3849.5004883    2154.7541504    2644.1550293  
1580.0      3861.6650391    2162.0495605    2644.9929199  
1600.0      3873.8283691    2169.3447266    2645.8305664  
1620.0      3885.9921875    2176.6401367    2646.6684570  
1640.0      3898.1562500    2183.9353027    2647.5063477  
1660.0      3910.3203125    2191.2307129    2648.3442383  
1680.0      3922.4836426    2198.5258789    2649.1818848  
1700.0      3934.6474609    2205.8212891    2650.0197754  
1720.0      3946.8120117    2213.1164551    2650.8576660  
1740.0      3958.9755859    2220.4118652    2651.6953125  
1760.0      3971.1389160    2227.7070312    2652.5332031  
1780.0      3983.3034668    2235.0024414    2653.3710938  
1800.0      3995.4667969    2242.2976074    2654.2089844  
1820.0      4007.6308594    2249.5927734    2655.0468750  
1840.0      4019.7946777    2256.8881836    2655.8845215  
1860.0      4031.9587402    2264.1835938    2656.7224121  
1880.0      4044.1220703    2271.4790039    2657.5600586  
1900.0      4056.2861328    2278.7741699    2658.3979492  
1920.0      4068.4501953    2286.0693359    2659.2358398  
1940.0      4080.6140137    2293.3645020    2660.0737305  
1960.0      4092.7773438    2300.6599121    2660.9116211  
1980.0      4104.9414062    2307.9550781    2661.7492676  
2000.0      4117.1054688    2315.2504883    2662.5871582  
2020.0      4129.7690430    2323.0490723    2663.4250488  
2040.0      4142.4316406    2330.8476562    2664.2626953  
2060.0      4155.0947266    2338.6459961    2665.1005859  
2080.0      4167.7583008    2346.4445801    2665.9384766  
2100.0      4180.4208984    2354.2431641    2666.7763672  
2120.0      4193.0839844    2362.0417480    2667.6142578  
2140.0      4205.7475586    2369.8405762    2668.4519043  
2160.0      4218.4106445    2377.6391602    2669.2897949  
2180.0      4231.0732422    2385.4375000    2670.1274414  
2200.0      4243.7368164    2393.2360840    2670.9653320  
2220.0      4256.3999023    2401.0346680    2671.8032227  
2240.0      4269.0629883    2408.8332520    2672.6411133  
2260.0      4281.7255859    2416.6318359    2673.4790039  
2280.0      4294.3891602    2424.4306641    2674.3166504  
2300.0      4307.0522461    2432.2290039    2675.1545410  
2320.0      4319.7153320    2440.0275879    2675.9924316  
2340.0      4332.3784180    2447.8261719    2676.8300781  
2360.0      4345.0415039    2455.6250000    2677.6679688  
2380.0      4357.7045898    2463.4230957    2678.5058594  
2400.0      4370.3676758    2471.2221680    2679.3437500  
2420.0      4383.0307617    2479.0205078    2680.1813965  
2440.0      4395.6943359    2486.8190918    2681.0192871  
2460.0      4408.3569336    2494.6176758    2681.8571777  
2480.0      4421.0205078    2502.4165039    2682.6950684  
2500.0      4433.6835938    2510.2148438    2683.5327148  
2520.0      4440.7353516    2513.6101074    2684.3706055  
2540.0      4447.7875977    2517.0051270    2685.2084961  
2560.0      4454.8388672    2520.4001465    2686.0463867  
2580.0      4461.8906250    2523.7951660    2686.8840332  
2600.0      4468.9428711    2527.1901855    2687.7219238  
2620.0      4475.9941406    2530.5852051    2688.5595703  
2640.0      4483.0468750    2533.9802246    2689.3977051  
2660.0      4490.0981445    2537.3757324    2690.2353516  
2680.0      4497.1503906    2540.7707520    2691.0732422  
2700.0      4504.2021484    2544.1655273    2691.9111328  
2720.0      4511.2534180    2547.5605469    2692.7487793  
2740.0      4518.3056641    2550.9558105    2693.5866699  
2760.0      4525.3574219    2554.3508301    2694.4245605  
2780.0      4532.4091797    2557.7458496    2695.2624512  
2800.0      4539.4614258    2561.1408691    2696.1000977  
2820.0      4546.5126953    2564.5361328    2696.9379883  
2840.0      4553.5654297    2567.9311523    2697.7758789  
2860.0      4560.6166992    2571.3261719    2698.6137695  
2880.0      4567.6684570    2574.7214355    2699.4514160  
2900.0      4574.7207031    2578.1166992    2700.2893066  
2920.0      4581.7719727    2581.5117188    2701.1269531  
2940.0      4588.8242188    2584.9067383    2701.9650879  
2960.0      4595.8759766    2588.3017578    2702.8027344  
2980.0      4602.9277344    2591.6965332    2703.6406250  
3000.0      4609.9799805    2595.0915527    2704.4785156  
3020.0      4616.4995117    2598.2421875    2705.3164062  
3040.0      4623.0185547    2601.3925781    2706.1540527  
3060.0      4629.5380859    2604.5432129    2706.9919434  
3080.0      4636.0576172    2607.6938477    2707.8298340  
3100.0      4642.5771484    2610.8442383    2708.6674805  
3120.0      4649.0966797    2613.9946289    2709.5053711  
3140.0      4655.6162109    2617.1450195    2710.3432617  
3160.0      4662.1357422    2620.2956543    2711.1811523  
3180.0      4668.6552734    2623.4462891    2712.0187988  
3200.0      4675.1748047    2626.5966797    2712.8566895  
3220.0      4681.6943359    2629.7470703    2713.6945801  
3240.0      4688.2143555    2632.8974609    2714.5324707  
3260.0      4694.7333984    2636.0483398    2715.3701172  
3280.0      4701.2529297    2639.1987305    2716.2080078  
3300.0      4707.7724609    2642.3493652    2717.0458984  
3320.0      4714.2919922    2645.4997559    2717.8835449  
3340.0      4720.8115234    2648.6501465    2718.7214355  
3360.0      4727.3310547    2651.8005371    2719.5593262  
3380.0      4733.8505859    2654.9509277    2720.3972168  
3400.0      4740.3701172    2658.1015625    2721.2348633  
3420.0      4746.8891602    2661.2519531    2722.0727539  
3440.0      4753.4091797    2664.4023438    2722.9106445  
3460.0      4759.9287109    2667.5529785    2723.7485352  
3480.0      4766.4482422    2670.7036133    2724.5864258  
3500.0      4772.9672852    2673.8540039    2725.4240723  
3520.0      4779.7441406    2677.2189941    2726.2619629  
3540.0      4786.5205078    2680.5837402    2727.0996094  
3560.0      4793.2973633    2683.9489746    2727.9375000  
3580.0      4800.0742188    2687.3142090    2728.7753906  
3600.0      4806.8510742    2690.6791992    2729.6132812  
3620.0      4813.6274414    2694.0439453    2730.4509277  
3640.0      4820.4038086    2697.4089355    2731.2888184  
3660.0      4827.1806641    2700.7739258    2732.1267090  
3680.0      4833.9575195    2704.1391602    2732.9645996  
3700.0      4840.7343750    2707.5039062    2733.8022461  
3720.0      4847.5107422    2710.8691406    2734.6401367  
3740.0      4854.2871094    2714.2341309    2735.4780273  
3760.0      4861.0639648    2717.5991211    2736.3159180  
3780.0      4867.8408203    2720.9643555    2737.1538086  
3800.0      4874.6171875    2724.3288574    2737.9914551  
3820.0      4881.3940430    2727.6940918    2738.8293457  
3840.0      4888.1704102    2731.0593262    2739.6669922  
3860.0      4894.9467773    2734.4243164    2740.5048828  
3880.0      4901.7241211    2737.7893066    2741.3427734  
3900.0      4908.5000000    2741.1540527    2742.1806641  
3920.0      4915.2768555    2744.5190430    2743.0183105  
3940.0      4922.0537109    2747.8842773    2743.8562012  
3960.0      4928.8305664    2751.2492676    2744.6940918  
3980.0      4935.6064453    2754.6142578    2745.5317383  
4000.0      4942.3837891    2757.9792480    2746.3696289  
4020.0      4949.2329102    2762.5795898    2747.2075195  
4040.0      4956.0834961    2767.1799316    2748.0454102  
4060.0      4962.9326172    2771.7802734    2748.8833008  
4080.0      4969.7822266    2776.3806152    2749.7211914  
4100.0      4976.6313477    2780.9812012    2750.5588379  
4120.0      4983.4819336    2785.5815430    2751.3967285  
4140.0      4990.3305664    2790.1816406    2752.2343750  
4160.0      4997.1801758    2794.7819824    2753.0722656  
4180.0      5004.0297852    2799.3823242    2753.9101562  
4200.0      5010.8803711    2803.9829102    2754.7480469  
4220.0      5017.7294922    2808.5830078    2755.5859375  
4240.0      5024.5791016    2813.1833496    2756.4235840  
4260.0      5031.4282227    2817.7839355    2757.2614746  
4280.0      5038.2788086    2822.3842773    2758.0993652  
4300.0      5045.1279297    2826.9846191    2758.9370117  
4320.0      5051.9775391    2831.5847168    2759.7749023  
4340.0      5058.8271484    2836.1853027    2760.6127930  
4360.0      5065.6772461    2840.7856445    2761.4506836  
4380.0      5072.5268555    2845.3857422    2762.2885742  
4400.0      5079.3759766    2849.9863281    2763.1262207  
4420.0      5086.2255859    2854.5869141    2763.9641113  
4440.0      5093.0751953    2859.1867676    2764.8017578  
4460.0      5099.9252930    2863.7873535    2765.6396484  
4480.0      5106.7744141    2868.3876953    2766.4775391  
4500.0      5113.6240234    2872.9882812    2767.3154297  
4520.0      5122.8369141    2881.2878418    2768.1533203  
4540.0      5132.0493164    2889.5874023    2768.9909668  
4560.0      5141.2612305    2897.8872070    2769.8288574  
4580.0      5150.4736328    2906.1867676    2770.6665039  
4600.0      5159.6865234    2914.4865723    2771.5043945  
4620.0      5168.8989258    2922.7863770    2772.3422852  
4640.0      5178.1113281    2931.0856934    2773.1801758  
4660.0      5187.3242188    2939.3854980    2774.0180664  
4680.0      5196.5361328    2947.6853027    2774.8557129  
4700.0      5205.7485352    2955.9848633    2775.6936035  
4720.0      5214.9609375    2964.2846680    2776.5314941  
4740.0      5224.1738281    2972.5842285    2777.3691406  
4760.0      5233.3862305    2980.8840332    2778.2070312  
4780.0      5242.5981445    2989.1835938    2779.0449219  
4800.0      5251.8105469    2997.4833984    2779.8828125  
4820.0      5261.0234375    3005.7832031    2780.7207031  
4840.0      5270.2353516    3014.0827637    2781.5583496  
4860.0      5279.4477539    3022.3823242    2782.3962402  
4880.0      5288.6601562    3030.6821289    2783.2338867  
4900.0      5297.8730469    3038.9816895    2784.0717773  
4920.0      5307.0854492    3047.2814941    2784.9096680  
4940.0      5316.2978516    3055.5810547    2785.7475586  
4960.0      5325.5097656    3063.8806152    2786.5854492  
4980.0      5334.7231445    3072.1806641    2787.4233398  
5000.0      5343.9350586    3080.4802246    2788.2609863  
