# CE_23542 -117.29280519 34.06550753
# 
# Depth (m)   Vp (m/s)        Vs(m/s)      Density(kg/m3)
   0.0       283.6369324     178.0239105    1909.7862549  
  20.0      1291.0744629     444.8912354    2068.8605957  
  40.0      1708.3199463     658.7309570    2134.7436523  
  60.0      1685.4663086     751.9517822    2131.1352539  
  80.0      1669.7180176     742.8847046    2128.6484375  
 100.0      1651.1773682     732.2454224    2125.7209473  
 120.0      1639.9411621     725.8162231    2123.9467773  
 140.0      1643.3522949     727.7665405    2124.4853516  
 160.0      1666.2912598     740.9155884    2128.1074219  
 180.0      1711.3071289     766.8879395    2135.2153320  
 200.0      1778.7423096     806.2053833    2145.8635254  
 220.0      1836.1450195     840.0503540    2154.9272461  
 240.0      1890.1660156     872.2098999    2163.4572754  
 260.0      1941.2650146     902.8986816    2171.5258789  
 280.0      1989.8072510     932.2884521    2179.1906738  
 300.0      2036.0882568     960.5192871    2186.4982910  
 320.0      2080.3559570     987.7105713    2193.4882812  
 340.0      2108.8769531    1103.7963867    2223.2673340  
 360.0      2112.9462891    1107.7803955    2228.2236328  
 380.0      2116.4685059    1111.4843750    2232.9995117  
 400.0      2119.4912109    1114.9312744    2237.6105957  
 420.0      2122.0554199    1118.1406250    2242.0705566  
 440.0      2124.1967773    1121.1300049    2246.3908691  
 460.0      2125.9477539    1123.9146729    2250.5825195  
 480.0      2127.3334961    1126.5073242    2254.6540527  
 500.0      2128.3825684    1128.9217529    2258.6142578  
 520.0      2143.7482910    1138.8825684    2262.4702148  
 540.0      2158.8173828    1148.6846924    2266.2282715  
 560.0      2173.6093750    1158.3385010    2269.8950195  
 580.0      2188.1391602    1167.8510742    2273.4750977  
 600.0      2202.4223633    1177.2305908    2276.9741211  
 620.0      2216.4724121    1186.4833984    2280.3962402  
 640.0      2230.3012695    1195.6156006    2283.7451172  
 660.0      2243.9208984    1204.6337891    2287.0253906  
 680.0      2257.3415527    1213.5428467    2290.2399902  
 700.0      2270.5725098    1222.3471680    2293.3918457  
 720.0      2283.6240234    1231.0526123    2296.4846191  
 740.0      2296.5029297    1239.6623535    2299.5205078  
 760.0      2309.2172852    1248.1809082    2303.2546387  
 780.0      2321.7746582    1256.6115723    2307.0654297  
 800.0      2334.1809082    1264.9580078    2310.8115234  
 820.0      2346.4433594    1273.2238770    2314.4958496  
 840.0      2358.5666504    1281.4594727    2318.1206055  
 860.0      2370.5576172    1299.4439697    2321.6884766  
 880.0      2382.4206543    1317.2255859    2325.2014160  
 900.0      2394.1599121    1334.8117676    2328.6616211  
 920.0      2405.7807617    1352.2092285    2332.0708008  
 940.0      2417.2871094    1369.4238281    2335.4306641  
 960.0      2428.8579102    1386.4624023    2338.7436523  
 980.0      2453.2214355    1403.3304443    2342.0107422  
1000.0      2477.3051758    1420.0328369    2345.2336426  
1020.0      2500.9470215    1438.2058105    2348.4140625  
1040.0      2524.3266602    1456.2230225    2351.5529785  
1060.0      2547.4536133    1474.0895996    2354.6518555  
1080.0      2570.3352051    1491.8096924    2357.7121582  
1100.0      2592.9790039    1509.3881836    2360.7348633  
1120.0      2615.3918457    1526.8281250    2363.7211914  
1140.0      2637.5812988    1544.1337891    2366.6721191  
1160.0      2659.5532227    1561.3088379    2369.5886230  
1180.0      2681.3142090    1578.3566895    2372.4719238  
1200.0      2702.8698730    1595.2806396    2375.3227539  
1220.0      2724.2260742    1612.0839844    2378.1420898  
1240.0      2745.3881836    1628.7697754    2380.9309082  
1260.0      2766.3613281    1645.3409424    2383.6899414  
1280.0      2787.1508789    1661.8004150    2386.4199219  
1300.0      2807.7607422    1678.1503906    2389.1213379  
1320.0      2828.1965332    1694.3940430    2391.7954102  
1340.0      2848.4619141    1710.5334473    2394.4423828  
1360.0      2868.5610352    1726.5712891    2397.0634766  
1380.0      2888.4985352    1742.5100098    2399.6586914  
1400.0      2908.2778320    1758.3516846    2402.2292480  
1420.0      2927.9045410    1774.0992432    2404.7753906  
1440.0      2947.3774414    1789.7523193    2407.2976074  
1460.0      2966.7048340    1805.3154297    2409.7966309  
1480.0      2985.8894043    1820.7902832    2412.2729492  
1500.0      3004.9316406    1836.1770020    2414.7270508  
1520.0      3021.7016602    1849.6127930    2417.1591797  
1540.0      3038.3383789    1862.9661865    2419.5703125  
1560.0      3054.8437500    1876.2377930    2421.9606934  
1580.0      3071.2197266    1889.4289551    2424.3308105  
1600.0      3087.4694824    1902.5412598    2426.6806641  
1620.0      3103.5957031    1915.5765381    2429.0112305  
1640.0      3119.6015625    1928.5366211    2431.3227539  
1660.0      3135.4885254    1941.4224854    2433.6157227  
1680.0      3151.2587891    1954.2348633    2435.8898926  
1700.0      3166.9162598    1966.9766846    2438.1464844  
1720.0      3182.4614258    1979.6478271    2440.3852539  
1740.0      3197.8972168    1992.2500000    2442.6066895  
1760.0      3213.2258301    2004.7849121    2444.8112793  
1780.0      3228.4487305    2017.2530518    2446.9992676  
1800.0      3243.5678711    2029.6555176    2449.1706543  
1820.0      3258.5864258    2041.9941406    2451.3261719  
1840.0      3273.5053711    2054.2707520    2453.4663086  
1860.0      3288.3261719    2066.4841309    2455.5905762  
1880.0      5001.7646484    2976.3579102    2725.9267578  
1900.0      5005.7036133    2980.2133789    2726.3330078  
1920.0      5009.6430664    2984.0686035    2726.7392578  
1940.0      5013.5830078    2987.9238281    2727.1455078  
1960.0      5017.5219727    2991.7795410    2727.5515137  
1980.0      5021.4614258    2995.6345215    2727.9577637  
2000.0      5025.4008789    2999.4899902    2728.3640137  
2020.0      5030.3393555    3003.2409668    2728.7705078  
2040.0      5035.2763672    3006.9912109    2729.1765137  
2060.0      5040.2143555    3010.7416992    2729.5827637  
2080.0      5045.1523438    3014.4924316    2729.9890137  
2100.0      5050.0893555    3018.2429199    2730.3952637  
2120.0      5055.0278320    3021.9934082    2730.8015137  
2140.0      5059.9648438    3025.7443848    2731.2075195  
2160.0      5064.9033203    3029.4948730    2731.6140137  
2180.0      5069.8408203    3033.2453613    2732.0200195  
2200.0      5074.7788086    3036.9963379    2732.4265137  
2220.0      5079.7163086    3040.7465820    2732.8325195  
2240.0      5084.6542969    3044.4973145    2733.2387695  
2260.0      5089.5917969    3048.2478027    2733.6450195  
2280.0      5094.5297852    3051.9982910    2734.0512695  
2300.0      5099.4672852    3055.7490234    2734.4575195  
2320.0      5104.4052734    3059.4997559    2734.8637695  
2340.0      5109.3427734    3063.2500000    2735.2700195  
2360.0      5114.2807617    3067.0009766    2735.6762695  
2380.0      5119.2182617    3070.7512207    2736.0825195  
2400.0      5124.1562500    3074.5021973    2736.4887695  
2420.0      5129.0937500    3078.2524414    2736.8950195  
2440.0      5134.0317383    3082.0031738    2737.3012695  
2460.0      5138.9692383    3085.7536621    2737.7072754  
2480.0      5143.9072266    3089.5043945    2738.1137695  
2500.0      5148.8447266    3093.2548828    2738.5197754  
2520.0      5147.4716797    3092.1486816    2738.9260254  
2540.0      5146.0976562    3091.0419922    2739.3322754  
2560.0      5144.7241211    3089.9350586    2739.7385254  
2580.0      5143.3505859    3088.8286133    2740.1447754  
2600.0      5141.9775391    3087.7219238    2740.5510254  
2620.0      5140.6040039    3086.6154785    2740.9572754  
2640.0      5139.2299805    3085.5087891    2741.3632812  
2660.0      5137.8569336    3084.4023438    2741.7697754  
2680.0      5136.4838867    3083.2958984    2742.1760254  
2700.0      5135.1098633    3082.1892090    2742.5820312  
2720.0      5133.7358398    3081.0825195    2742.9882812  
2740.0      5132.3632812    3079.9763184    2743.3945312  
2760.0      5130.9892578    3078.8696289    2743.8007812  
2780.0      5129.6157227    3077.7626953    2744.2070312  
2800.0      5128.2421875    3076.6560059    2744.6132812  
2820.0      5126.8686523    3075.5498047    2745.0195312  
2840.0      5125.4951172    3074.4431152    2745.4257812  
2860.0      5124.1215820    3073.3366699    2745.8320312  
2880.0      5122.7485352    3072.2299805    2746.2382812  
2900.0      5121.3750000    3071.1232910    2746.6445312  
2920.0      5120.0014648    3070.0166016    2747.0507812  
2940.0      5118.6274414    3068.9101562    2747.4567871  
2960.0      5117.2539062    3067.8034668    2747.8630371  
2980.0      5115.8803711    3066.6970215    2748.2692871  
3000.0      5114.5068359    3065.5903320    2748.6755371  
3020.0      5116.2578125    3066.7556152    2749.0817871  
3040.0      5118.0087891    3067.9208984    2749.4880371  
3060.0      5119.7597656    3069.0861816    2749.8942871  
3080.0      5121.5102539    3070.2514648    2750.3005371  
3100.0      5123.2617188    3071.4165039    2750.7067871  
3120.0      5125.0122070    3072.5820312    2751.1127930  
3140.0      5126.7636719    3073.7470703    2751.5192871  
3160.0      5128.5141602    3074.9123535    2751.9252930  
3180.0      5130.2651367    3076.0773926    2752.3317871  
3200.0      5132.0156250    3077.2426758    2752.7377930  
3220.0      5133.7666016    3078.4077148    2753.1440430  
3240.0      5135.5175781    3079.5732422    2753.5502930  
3260.0      5137.2685547    3080.7382812    2753.9565430  
3280.0      5139.0195312    3081.9038086    2754.3627930  
3300.0      5140.7700195    3083.0688477    2754.7690430  
3320.0      5142.5214844    3084.2341309    2755.1752930  
3340.0      5144.2719727    3085.3994141    2755.5815430  
3360.0      5146.0234375    3086.5644531    2755.9877930  
3380.0      5147.7734375    3087.7297363    2756.3940430  
3400.0      5149.5244141    3088.8950195    2756.8002930  
3420.0      5151.2753906    3090.0603027    2757.2065430  
3440.0      5153.0258789    3091.2253418    2757.6125488  
3460.0      5154.7773438    3092.3908691    2758.0190430  
3480.0      5156.5283203    3093.5561523    2758.4250488  
3500.0      5158.2792969    3094.7211914    2758.8312988  
3520.0      5162.0317383    3096.4128418    2759.2375488  
3540.0      5165.7846680    3098.1042480    2759.6437988  
3560.0      5169.5380859    3099.7954102    2760.0500488  
3580.0      5173.2910156    3101.4873047    2760.4562988  
3600.0      5177.0439453    3103.1789551    2760.8625488  
3620.0      5180.7968750    3104.8706055    2761.2687988  
3640.0      5184.5502930    3106.5617676    2761.6750488  
3660.0      5188.3032227    3108.2534180    2762.0810547  
3680.0      5192.0561523    3109.9450684    2762.4873047  
3700.0      5195.8085938    3111.6364746    2762.8935547  
3720.0      5199.5625000    3113.3278809    2763.2998047  
3740.0      5203.3149414    3115.0197754    2763.7060547  
3760.0      5207.0678711    3116.7109375    2764.1123047  
3780.0      5210.8208008    3118.4025879    2764.5185547  
3800.0      5214.5747070    3120.0939941    2764.9248047  
3820.0      5218.3271484    3121.7854004    2765.3310547  
3840.0      5222.0800781    3123.4770508    2765.7373047  
3860.0      5225.8330078    3125.1687012    2766.1435547  
3880.0      5229.5864258    3126.8601074    2766.5498047  
3900.0      5233.3393555    3128.5517578    2766.9560547  
3920.0      5237.0922852    3130.2429199    2767.3623047  
3940.0      5240.8457031    3131.9348145    2767.7685547  
3960.0      5244.5981445    3133.6262207    2768.1745605  
3980.0      5248.3510742    3135.3176270    2768.5808105  
4000.0      5252.1040039    3137.0092773    2768.9870605  
4020.0      5254.6308594    3138.2556152    2769.3933105  
4040.0      5257.1577148    3139.5019531    2769.7995605  
4060.0      5259.6835938    3140.7480469    2770.2058105  
4080.0      5262.2109375    3141.9943848    2770.6120605  
4100.0      5264.7373047    3143.2404785    2771.0180664  
4120.0      5267.2646484    3144.4868164    2771.4245605  
4140.0      5269.7905273    3145.7331543    2771.8305664  
4160.0      5272.3173828    3146.9792480    2772.2368164  
4180.0      5274.8442383    3148.2255859    2772.6430664  
4200.0      5277.3706055    3149.4719238    2773.0493164  
4220.0      5279.8974609    3150.7182617    2773.4555664  
4240.0      5282.4243164    3151.9643555    2773.8618164  
4260.0      5284.9506836    3153.2106934    2774.2680664  
4280.0      5287.4775391    3154.4567871    2774.6743164  
4300.0      5290.0039062    3155.7033691    2775.0805664  
4320.0      5292.5302734    3156.9494629    2775.4868164  
4340.0      5295.0571289    3158.1958008    2775.8930664  
4360.0      5297.5839844    3159.4418945    2776.2993164  
4380.0      5300.1103516    3160.6882324    2776.7055664  
4400.0      5302.6372070    3161.9343262    2777.1118164  
4420.0      5305.1635742    3163.1806641    2777.5178223  
4440.0      5307.6909180    3164.4272461    2777.9243164  
4460.0      5310.2172852    3165.6730957    2778.3303223  
4480.0      5312.7441406    3166.9194336    2778.7365723  
4500.0      5315.2705078    3168.1657715    2779.1428223  
4520.0      5321.3876953    3172.0004883    2779.5490723  
4540.0      5327.5043945    3175.8356934    2779.9553223  
4560.0      5333.6210938    3179.6706543    2780.3615723  
4580.0      5339.7382812    3183.5056152    2780.7678223  
4600.0      5345.8554688    3187.3405762    2781.1740723  
4620.0      5351.9721680    3191.1757812    2781.5803223  
4640.0      5358.0893555    3195.0104980    2781.9863281  
4660.0      5364.2060547    3198.8457031    2782.3925781  
4680.0      5370.3227539    3202.6809082    2782.7988281  
4700.0      5376.4404297    3206.5158691    2783.2050781  
4720.0      5382.5571289    3210.3508301    2783.6113281  
4740.0      5388.6738281    3214.1857910    2784.0175781  
4760.0      5394.7910156    3218.0207520    2784.4238281  
4780.0      5400.9077148    3221.8557129    2784.8300781  
4800.0      5407.0249023    3225.6906738    2785.2363281  
4820.0      5413.1416016    3229.5256348    2785.6425781  
4840.0      5419.2587891    3233.3605957    2786.0488281  
4860.0      5425.3754883    3237.1955566    2786.4550781  
4880.0      5431.4921875    3241.0305176    2786.8610840  
4900.0      5437.6098633    3244.8657227    2787.2675781  
4920.0      5443.7265625    3248.7006836    2787.6738281  
4940.0      5449.8432617    3252.5356445    2788.0798340  
4960.0      5455.9609375    3256.3706055    2788.4863281  
4980.0      5462.0771484    3260.2055664    2788.8923340  
5000.0      5468.1943359    3264.0405273    2789.2985840  
