# CI_PDR -118.43699732 33.96261661
# 
# Depth (m)   Vp (m/s)        Vs(m/s)      Density(kg/m3)
   0.0       375.9137573     160.6482849    1924.3568115  
  20.0      1261.9224854     377.1715393    2064.2575684  
  40.0      1299.9000244     483.5494385    2070.2541504  
  60.0      1312.1807861     482.2000122    2072.1933594  
  80.0      1304.3436279     526.3900146    2070.9558105  
 100.0      1301.7303467     559.8800049    2070.5432129  
 120.0      1311.5974121     584.2700195    2072.1013184  
 140.0      1338.8272705     602.5700073    2076.4008789  
 160.0      1386.1887207     584.5407715    2083.8791504  
 180.0      1454.4871826     621.8037109    2094.6635742  
 200.0      1542.7111816     651.3200073    2108.5939941  
 220.0      1592.4560547     651.3200073    2116.4487305  
 240.0      1639.2723389     681.7999878    2123.8410645  
 260.0      1683.5574951     681.7999878    2130.8337402  
 280.0      1725.6275635     681.7999878    2137.4765625  
 300.0      1765.7402344     681.7999878    2143.8103027  
 320.0      1804.1098633     821.1199951    2149.8688965  
 340.0      1840.9128418     842.8767700    2155.6801758  
 360.0      1876.2996826     863.9270020    2161.2678223  
 380.0      1910.4008789     884.3316040    2166.6523438  
 400.0      1943.3264160     904.1420898    2171.8513184  
 420.0      1975.1712646     923.4031982    2176.8796387  
 440.0      2006.0212402     942.1555786    2181.7507324  
 460.0      2035.9516602     960.4357300    2186.4768066  
 480.0      2065.0263672     978.2736816    2191.0676270  
 500.0      2093.3046875     995.6983032    2195.5327148  
 520.0      1974.6763916     920.8760376    2223.0270996  
 540.0      1987.2508545     930.1914673    2226.2851562  
 560.0      1999.5843506     939.3839722    2229.4636230  
 580.0      2011.6910400     948.4601440    2232.5673828  
 600.0      2023.5836182     957.4260864    2235.6003418  
 620.0      2035.2747803     966.2881470    2238.5671387  
 640.0      2046.7739258     975.0503540    2241.4702148  
 660.0      2058.0920410     983.7185059    2244.3139648  
 680.0      2069.2375488     992.2966309    2247.1005859  
 700.0      2080.2192383    1000.7886963    2249.8332520  
 720.0      2091.0439453    1009.1983643    2252.5141602  
 740.0      2101.7197266    1017.5295410    2255.1459961  
 760.0      2112.2529297    1025.7849121    2257.7309570  
 780.0      2122.6503906    1033.9686279    2260.2709961  
 800.0      2132.9165039    1042.0822754    2262.7678223  
 820.0      2143.0578613    1050.1291504    2265.2233887  
 840.0      2153.0793457    1058.1118164    2267.6391602  
 860.0      2162.9848633    1066.0324707    2270.0173340  
 880.0      2172.7800293    1073.8935547    2272.3586426  
 900.0      2182.4687500    1081.6970215    2274.6647949  
 920.0      2192.0539551    1089.4448242    2276.9372559  
 940.0      2201.5405273    1097.1387939    2279.1767578  
 960.0      2210.9311523    1104.7807617    2281.3847656  
 980.0      2220.2292480    1112.3724365    2283.5625000  
1000.0      2229.4384766    1119.9152832    2285.7106934  
1020.0      2236.2995605    1128.7399902    2287.8303223  
1040.0      2243.0771484    1137.5189209    2289.9226074  
1060.0      2249.7739258    1146.2534180    2291.9880371  
1080.0      2256.3925781    1154.9448242    2294.0278320  
1100.0      2262.9350586    1163.5941162    2296.0424805  
1120.0      2269.4038086    1172.2028809    2298.0329590  
1140.0      2275.8017578    1180.7717285    2299.9997559  
1160.0      2282.1298828    1189.3023682    2302.5285645  
1180.0      2288.3906250    1197.7951660    2305.0280762  
1200.0      2294.5861816    1206.2514648    2307.4997559  
1220.0      2300.7180176    1214.6723633    2309.9440918  
1240.0      2306.7878418    1223.0584717    2312.3618164  
1260.0      2312.7973633    1231.4106445    2314.7539062  
1280.0      2318.7480469    1239.7299805    2317.1206055  
1300.0      2324.6416016    1251.7762451    2319.4628906  
1320.0      2330.4792480    1266.4486084    2321.7810059  
1340.0      2336.2634277    1281.0357666    2324.0761719  
1360.0      2341.9938965    1295.5383301    2326.3483887  
1380.0      2347.6733398    1309.9600830    2328.5988770  
1400.0      2353.3020020    1324.3004150    2330.8271484  
1420.0      2358.8808594    1338.5616455    2333.0344238  
1440.0      2364.4121094    1352.7475586    2335.2214355  
1460.0      2369.8964844    1366.8580322    2337.3879395  
1480.0      2378.6748047    1380.8941650    2339.5346680  
1500.0      2392.5822754    1394.8587646    2341.6623535  
1520.0      2407.1181641    1405.9925537    2343.7712402  
1540.0      2421.5375977    1417.0578613    2345.8618164  
1560.0      2435.8425293    1428.0548096    2347.9340820  
1580.0      2450.0358887    1438.9854736    2349.9887695  
1600.0      2464.1201172    1449.8514404    2352.0263672  
1620.0      2478.0964355    1460.6531982    2354.0468750  
1640.0      2491.9692383    1471.3930664    2356.0510254  
1660.0      2505.7385254    1482.0712891    2358.0388184  
1680.0      2519.4067383    1492.6890869    2360.0107422  
1700.0      2532.9770508    1503.2480469    2361.9670410  
1720.0      2546.4504395    1513.7490234    2363.9079590  
1740.0      2559.8286133    1524.1928711    2365.8339844  
1760.0      2573.1137695    1534.5809326    2367.7453613  
1780.0      2586.3073730    1544.9138184    2369.6423340  
1800.0      2599.4116211    1555.1928711    2371.5251465  
1820.0      2612.4279785    1565.4188232    2373.3940430  
1840.0      2810.4960938    1706.5657959    2404.4826660  
1860.0      3063.2827148    1889.5820312    2444.2111816  
1880.0      3254.7038574    2030.6462402    2474.2502441  
1900.0      3411.1494141    2147.4592285    2498.7666016  
1920.0      4086.8032227    2491.5490723    2605.2661133  
1940.0      4087.9782715    2492.6049805    2605.2651367  
1960.0      4089.1533203    2493.6606445    2605.2641602  
1980.0      4090.3281250    2494.7165527    2605.2634277  
2000.0      4091.5026855    2495.7719727    2605.2624512  
2020.0      4100.3051758    2500.4523926    2605.2617188  
2040.0      4109.1079102    2505.1320801    2605.2607422  
2060.0      4117.9096680    2509.8120117    2605.2597656  
2080.0      4126.7124023    2514.4921875    2605.2590332  
2100.0      4135.5151367    2519.1718750    2605.2583008  
2120.0      4144.3173828    2523.8518066    2605.2573242  
2140.0      4153.1201172    2528.5319824    2605.2565918  
2160.0      4161.9218750    2533.2116699    2605.2556152  
2180.0      4170.7246094    2537.8916016    2605.2548828  
2200.0      4179.5273438    2542.5717773    2605.2539062  
2220.0      4188.3295898    2547.2514648    2605.2529297  
2240.0      4197.1318359    2551.9318848    2605.2521973  
2260.0      4205.9340820    2556.6115723    2605.2512207  
2280.0      4214.7368164    2561.2917480    2605.2504883  
2300.0      4223.5390625    2565.9716797    2605.2495117  
2320.0      4232.3413086    2570.6513672    2605.2485352  
2340.0      4241.1440430    2575.3312988    2605.2478027  
2360.0      4249.9462891    2580.0114746    2605.2470703  
2380.0      4258.7485352    2584.6911621    2605.2460938  
2400.0      4267.5517578    2589.3710938    2605.2451172  
2420.0      4276.3535156    2594.0512695    2605.2443848  
2440.0      4285.1562500    2598.7312012    2605.2434082  
2460.0      4293.9584961    2603.4111328    2605.2426758  
2480.0      4302.7607422    2608.0910645    2605.2416992  
2500.0      4311.5639648    2612.7709961    2605.2409668  
2520.0      4312.3530273    2610.3017578    2605.2399902  
2540.0      4313.1430664    2607.8325195    2605.2392578  
2560.0      4313.9326172    2605.3632812    2605.2382812  
2580.0      4314.7221680    2602.8937988    2605.2373047  
2600.0      4315.5117188    2600.4245605    2605.2365723  
2620.0      4316.3017578    2597.9550781    2605.2358398  
2640.0      4317.0908203    2595.4858398    2605.2348633  
2660.0      4317.8813477    2593.0166016    2605.2338867  
2680.0      4318.6708984    2590.5473633    2605.2331543  
2700.0      4319.4604492    2588.0781250    2605.2321777  
2720.0      4320.2504883    2585.6086426    2605.2314453  
2740.0      4321.0400391    2583.1394043    2605.2304688  
2760.0      4321.8300781    2580.6696777    2605.2297363  
2780.0      4322.6191406    2578.2004395    2605.2287598  
2800.0      4323.4086914    2575.7312012    2605.2277832  
2820.0      4324.1992188    2573.2619629    2605.2270508  
2840.0      4324.9882812    2570.7927246    2605.2260742  
2860.0      4325.7788086    2568.3234863    2605.2253418  
2880.0      4326.5678711    2565.8540039    2605.2243652  
2900.0      4327.3579102    2563.3847656    2605.2236328  
2920.0      4328.1469727    2560.9155273    2605.2226562  
2940.0      4328.9370117    2558.4462891    2605.2216797  
2960.0      4329.7260742    2555.9768066    2605.2209473  
2980.0      4330.5166016    2553.5075684    2605.2202148  
3000.0      4331.3061523    2551.0383301    2605.2192383  
3020.0      4335.9843750    2550.6552734    2605.2182617  
3040.0      4340.6630859    2550.2727051    2605.2175293  
3060.0      4345.3408203    2549.8901367    2605.2165527  
3080.0      4350.0200195    2549.5073242    2605.2158203  
3100.0      4354.6977539    2549.1247559    2605.2148438  
3120.0      4359.3764648    2548.7419434    2605.2141113  
3140.0      4364.0546875    2548.3591309    2605.2131348  
3160.0      4368.7329102    2547.9765625    2605.2124023  
3180.0      4373.4116211    2547.5937500    2605.2114258  
3200.0      4378.0898438    2547.2111816    2605.2104492  
3220.0      4382.7680664    2546.8286133    2605.2097168  
3240.0      4387.4467773    2546.4455566    2605.2089844  
3260.0      4392.1245117    2546.0629883    2605.2080078  
3280.0      4396.8037109    2545.6804199    2605.2070312  
3300.0      4401.4814453    2545.2978516    2605.2062988  
3320.0      4406.1601562    2544.9150391    2605.2053223  
3340.0      4410.8383789    2544.5322266    2605.2045898  
3360.0      4415.5166016    2544.1496582    2605.2036133  
3380.0      4420.1953125    2543.7670898    2605.2026367  
3400.0      4424.8735352    2543.3840332    2605.2019043  
3420.0      4429.5517578    2543.0017090    2605.2009277  
3440.0      4434.2299805    2542.6188965    2605.2001953  
3460.0      4438.9086914    2542.2363281    2605.1992188  
3480.0      4443.5869141    2541.8535156    2605.1984863  
3500.0      4448.2656250    2541.4707031    2605.1977539  
3520.0      4452.4638672    2541.3474121    2605.1967773  
3540.0      4456.6621094    2541.2241211    2605.1958008  
3560.0      4460.8608398    2541.1008301    2605.1950684  
3580.0      4465.0590820    2540.9772949    2605.1940918  
3600.0      4469.2578125    2540.8540039    2605.1933594  
3620.0      4473.4560547    2540.7309570    2605.1923828  
3640.0      4477.6547852    2540.6076660    2605.1914062  
3660.0      4481.8535156    2540.4841309    2605.1906738  
3680.0      4486.0517578    2540.3608398    2605.1896973  
3700.0      4490.2504883    2540.2375488    2605.1889648  
3720.0      4494.4487305    2540.1140137    2605.1879883  
3740.0      4498.6474609    2539.9907227    2605.1872559  
3760.0      4502.8461914    2539.8674316    2605.1862793  
3780.0      4507.0439453    2539.7441406    2605.1855469  
3800.0      4511.2426758    2539.6206055    2605.1845703  
3820.0      4515.4414062    2539.4973145    2605.1835938  
3840.0      4519.6401367    2539.3740234    2605.1828613  
3860.0      4523.8383789    2539.2509766    2605.1821289  
3880.0      4528.0366211    2539.1274414    2605.1811523  
3900.0      4532.2353516    2539.0041504    2605.1801758  
3920.0      4536.4340820    2538.8808594    2605.1794434  
3940.0      4540.6318359    2538.7573242    2605.1784668  
3960.0      4544.8305664    2538.6342773    2605.1777344  
3980.0      4549.0292969    2538.5107422    2605.1767578  
4000.0      4553.2275391    2538.3872070    2605.1757812  
4020.0      4558.0366211    2538.9479980    2605.1750488  
4040.0      4562.8452148    2539.5083008    2605.1740723  
4060.0      4567.6542969    2540.0688477    2605.1733398  
4080.0      4572.4628906    2540.6293945    2605.1723633  
4100.0      4577.2714844    2541.1896973    2605.1716309  
4120.0      4582.0805664    2541.7502441    2605.1706543  
4140.0      4586.8896484    2542.3107910    2605.1699219  
4160.0      4591.6982422    2542.8713379    2605.1689453  
4180.0      4596.5073242    2543.4318848    2605.1682129  
4200.0      4601.3159180    2543.9921875    2605.1672363  
4220.0      4606.1250000    2544.5527344    2605.1665039  
4240.0      4610.9335938    2545.1132812    2605.1655273  
4260.0      4615.7426758    2545.6738281    2605.1645508  
4280.0      4620.5512695    2546.2341309    2605.1638184  
4300.0      4625.3603516    2546.7946777    2605.1628418  
4320.0      4630.1689453    2547.3549805    2605.1621094  
4340.0      4634.9780273    2547.9155273    2605.1611328  
4360.0      4639.7866211    2548.4760742    2605.1601562  
4380.0      4644.5952148    2549.0366211    2605.1594238  
4400.0      4649.4042969    2549.5969238    2605.1586914  
4420.0      4654.2133789    2550.1574707    2605.1577148  
4440.0      4659.0224609    2550.7180176    2605.1569824  
4460.0      4663.8305664    2551.2785645    2605.1560059  
4480.0      4668.6396484    2551.8391113    2605.1550293  
4500.0      4673.4487305    2552.3996582    2605.1542969  
4520.0      4682.2495117    2559.5708008    2605.1533203  
4540.0      4691.0502930    2566.7421875    2605.1525879  
4560.0      4699.8515625    2573.9140625    2605.1516113  
4580.0      4708.6528320    2581.0856934    2605.1508789  
4600.0      4717.4536133    2588.2568359    2605.1499023  
4620.0      4726.2543945    2595.4284668    2605.1489258  
4640.0      4735.0556641    2602.6000977    2605.1481934  
4660.0      4743.8569336    2609.7714844    2605.1474609  
4680.0      4752.6582031    2616.9428711    2605.1464844  
4700.0      4761.4594727    2624.1142578    2605.1455078  
4720.0      4770.2597656    2631.2861328    2605.1447754  
4740.0      4779.0610352    2638.4575195    2605.1437988  
4760.0      4787.8623047    2645.6289062    2605.1430664  
4780.0      4796.6630859    2652.8005371    2605.1420898  
4800.0      4805.4638672    2659.9721680    2605.1411133  
4820.0      4814.2656250    2667.1435547    2605.1403809  
4840.0      4823.0664062    2674.3149414    2605.1396484  
4860.0      4831.8676758    2681.4865723    2605.1386719  
4880.0      4840.6679688    2688.6579590    2605.1376953  
4900.0      4849.4692383    2695.8295898    2605.1369629  
4920.0      4858.2705078    2703.0009766    2605.1359863  
4940.0      4867.0717773    2710.1726074    2605.1352539  
4960.0      4875.8730469    2717.3439941    2605.1342773  
4980.0      4884.6733398    2724.5158691    2605.1335449  
5000.0      4893.4746094    2731.6870117    2605.1325684  
