# CI_WSS -118.64980715 34.17168103
# 
# Depth (m)   Vp (m/s)        Vs(m/s)      Density(kg/m3)
   0.0       474.3919983     231.6369934    1939.9064941  
  20.0      1333.8100586     518.1350098    2075.6086426  
  40.0      2149.9992676     676.6229858    2204.4848633  
  60.0      2155.0261230     841.2069702    2205.2785645  
  80.0      2172.2773438     959.2169800    2208.0026855  
 100.0      2333.0527344    1190.8070068    2233.2780762  
 120.0      2347.2524414    1199.2419434    2240.7424316  
 140.0      2360.8242188    1207.4036865    2247.9995117  
 160.0      2385.1818848    1219.0932617    2258.8129883  
 180.0      2415.9438477    1241.7020264    2271.7387695  
 200.0      2452.1347656    1264.7943115    2286.4543457  
 220.0      2448.6186523    1262.5561523    2288.0766602  
 240.0      2457.5083008    1258.1929932    2293.7897949  
 260.0      2459.7104492    1269.8302002    2297.2980957  
 280.0      2461.6289062    1271.1593018    2300.9265137  
 300.0      2463.2878418    1272.3388672    2305.2563477  
 320.0      2429.3862305    1250.3645020    2295.6435547  
 340.0      2465.9104004    1274.2978516    2313.6176758  
 360.0      2466.9096680    1275.0980225    2317.6645508  
 380.0      2467.7216797    1285.5507812    2321.6311035  
 400.0      2468.3593750    1296.9360352    2325.5229492  
 420.0      2468.8347168    1308.0596924    2329.3449707  
 440.0      2469.1582031    1318.9399414    2333.1020508  
 460.0      2469.3405762    1329.5943604    2336.7985840  
 480.0      2476.3461914    1340.0369873    2340.4382324  
 500.0      2490.6196289    1350.2785645    2344.0239258  
 520.0      2516.9760742    1369.5447998    2347.5595703  
 540.0      2543.0317383    1388.6346436    2351.0478516  
 560.0      2568.8037109    1407.5585938    2354.4912109  
 580.0      2594.3066406    1426.3254395    2357.8920898  
 600.0      2633.1994629    1454.4537354    2363.4072266  
 620.0      2675.7116699    1485.1895752    2369.4936523  
 640.0      2717.7592773    1515.6900635    2375.5070801  
 660.0      2759.3652344    1545.9663086    2381.4504395  
 680.0      2800.5551758    1576.0330811    2387.3283691  
 700.0      2841.3486328    1605.9001465    2393.1435547  
 720.0      2881.7670898    1635.5791016    2398.8996582  
 740.0      2921.8273926    1665.0789795    2404.5991211  
 760.0      2961.5488281    1694.4105225    2410.2451172  
 780.0      3000.9458008    1723.5809326    2415.8398438  
 800.0      3040.0336914    1752.5986328    2421.3857422  
 820.0      3078.8261719    1781.4710693    2426.8850098  
 840.0      3117.3369141    1810.2056885    2432.3398438  
 860.0      3155.5778809    1838.8084717    2437.7519531  
 880.0      3193.5603027    1867.2860107    2443.1232910  
 900.0      3231.2961426    1895.6442871    2448.4555664  
 920.0      3268.7944336    1923.8887939    2453.7504883  
 940.0      3306.0644531    1952.0244141    2459.0095215  
 960.0      3343.1166992    1980.0563965    2464.2338867  
 980.0      3379.9589844    2007.9891357    2469.4252930  
1000.0      3416.5996094    2035.8276367    2474.5849609  
1020.0      2694.7746582    1519.6533203    2360.0415039  
1040.0      2708.4396973    1530.5742188    2361.6318359  
1060.0      2722.1069336    1541.5031738    2363.2226562  
1080.0      2735.7766113    1552.4401855    2364.8139648  
1100.0      2749.4482422    1563.3847656    2366.4055176  
1120.0      2763.1228027    1574.3377686    2367.9975586  
1140.0      2776.8002930    1585.2987061    2369.5900879  
1160.0      2790.4777832    1596.2658691    2371.1823730  
1180.0      2804.1577148    1607.2412109    2372.7753906  
1200.0      2817.8417969    1618.2254639    2374.3688965  
1220.0      2831.5273438    1629.2166748    2375.9624023  
1240.0      2845.2150879    1640.2156982    2377.5566406  
1260.0      2858.9055176    1651.2226562    2379.1511230  
1280.0      2872.5991211    1662.2381592    2380.7460938  
1300.0      2886.2919922    1673.2591553    2382.3410645  
1320.0      2899.9890137    1684.2888184    2383.9365234  
1340.0      2913.6882324    1695.3264160    2385.5324707  
1360.0      2927.3891602    1706.3707275    2387.1284180  
1380.0      2941.0913086    1717.4226074    2388.7248535  
1400.0      2954.7983398    1728.4836426    2390.3220215  
1420.0      2968.5063477    1739.5512695    2391.9194336  
1440.0      2982.2170410    1750.6269531    2393.5170898  
1460.0      2995.9299316    1761.7097168    2395.1149902  
1480.0      3009.6457520    1772.8009033    2396.7136230  
1500.0      3023.3615723    1783.8975830    2398.3120117  
1520.0      3037.7424316    1794.4593506    2399.9111328  
1540.0      3057.2512207    1808.6774902    2402.3198242  
1560.0      3078.9992676    1824.5052490    2405.0822754  
1580.0      3100.7136230    1840.3262939    2407.8393555  
1600.0      3122.3994141    1856.1440430    2410.5917969  
1620.0      3144.0541992    1871.9567871    2413.3395996  
1640.0      3165.6796875    1887.7651367    2416.0825195  
1660.0      3187.2753906    1903.5687256    2418.8208008  
1680.0      3208.8466797    1919.3715820    2421.5554199  
1700.0      3230.3906250    1935.1707764    2424.2854004  
1720.0      3251.9089355    1950.9682617    2427.0117188  
1740.0      3273.4030762    1966.7640381    2429.7338867  
1760.0      3294.8735352    1982.5588379    2432.4523926  
1780.0      3316.3212891    1998.3531494    2435.1674805  
1800.0      3337.7463379    2014.1466064    2437.8786621  
1820.0      3359.1513672    2029.9414062    2440.5869141  
1840.0      3380.5351562    2045.7359619    2443.2917480  
1860.0      3401.9001465    2061.5324707    2445.9936523  
1880.0      3423.2436523    2077.3283691    2448.6921387  
1900.0      3444.5700684    2093.1271973    2451.3879395  
1920.0      3465.8779297    2108.9274902    2454.0808105  
1940.0      3487.1691895    2124.7304688    2456.7709961  
1960.0      3508.4433594    2140.5356445    2459.4584961  
1980.0      3529.7026367    2156.3447266    2462.1437988  
2000.0      3550.9455566    2172.1567383    2464.8264160  
2020.0      3573.4328613    2188.8249512    2467.5065918  
2040.0      3595.9042969    2205.4956055    2470.1840820  
2060.0      3618.3642578    2222.1726074    2472.8601074  
2080.0      3640.8115234    2238.8537598    2475.5339355  
2100.0      3663.2424316    2255.5375977    2478.2050781  
2120.0      3685.6650391    2272.2290039    2480.8750000  
2140.0      3708.0732422    2288.9243164    2483.5429688  
2160.0      3730.4704590    2305.6245117    2486.2087402  
2180.0      3752.8559570    2322.3300781    2488.8728027  
2200.0      3775.2307129    2339.0415039    2491.5351562  
2220.0      3797.5952148    2355.7587891    2494.1960449  
2240.0      3819.9497070    2372.4821777    2496.8552246  
2260.0      3842.2941895    2389.2111816    2499.5126953  
2280.0      3864.6296387    2403.6525879    2502.1689453  
2300.0      3886.9565430    2417.5759277    2504.8239746  
2320.0      3909.2729492    2431.4931641    2507.4770508  
2340.0      3931.5842285    2445.4077148    2510.1293945  
2360.0      3953.8864746    2459.3168945    2512.7802734  
2380.0      3976.1826172    2473.2226562    2515.4304199  
2400.0      3998.4665527    2487.1210938    2518.0783691  
2420.0      4020.7485352    2501.0187988    2520.7260742  
2440.0      4043.0205078    2514.9104004    2523.3723145  
2460.0      4065.2893066    2528.8002930    2526.0180664  
2480.0      4087.5498047    2542.6853027    2528.6623535  
2500.0      4109.8056641    2556.5678711    2531.3059082  
2520.0      4128.1689453    2566.7668457    2533.9487305  
2540.0      4146.5273438    2576.9631348    2536.5903320  
2560.0      4164.8803711    2587.1560059    2539.2314453  
2580.0      4183.2290039    2597.3469238    2541.8718262  
2600.0      4201.5727539    2607.5344238    2544.5112305  
2620.0      4219.9125977    2617.7197266    2547.1501465  
2640.0      4238.2470703    2627.9023438    2549.7883301  
2660.0      4256.5791016    2638.0832520    2552.4257812  
2680.0      4274.9072266    2648.2619629    2555.0629883  
2700.0      4293.2309570    2658.4382324    2557.6994629  
2720.0      4311.5527344    2668.6130371    2560.3354492  
2740.0      4329.8710938    2678.7861328    2562.9709473  
2760.0      4348.1860352    2688.9575195    2565.6059570  
2780.0      4366.4990234    2699.1271973    2568.2407227  
2800.0      4384.8090820    2709.2954102    2570.8747559  
2820.0      4403.1171875    2719.4624023    2573.5087891  
2840.0      4421.4218750    2729.6279297    2576.1420898  
2860.0      4439.7255859    2739.7924805    2578.7753906  
2880.0      4458.0283203    2749.9562988    2581.4082031  
2900.0      4476.3281250    2760.1188965    2584.0410156  
2920.0      4494.6274414    2770.2807617    2586.6733398  
2940.0      4512.9248047    2780.4418945    2589.3056641  
2960.0      4531.2207031    2790.6020508    2591.9375000  
2980.0      4549.5166016    2800.7619629    2594.5695801  
3000.0      4567.8115234    2810.9216309    2597.2014160  
3020.0      4584.0517578    2821.0415039    2599.8330078  
3040.0      4600.2910156    2831.1613770    2602.4645996  
3060.0      4616.5292969    2841.2800293    2605.0959473  
3080.0      4632.7685547    2851.3999023    2607.7275391  
3100.0      4649.0068359    2861.5183105    2610.3588867  
3120.0      4665.2456055    2871.6376953    2612.9902344  
3140.0      4681.4848633    2881.7575684    2615.6220703  
3160.0      4697.7241211    2891.8767090    2618.2534180  
3180.0      4713.9628906    2901.9960938    2620.8847656  
3200.0      4730.2021484    2912.1157227    2623.5166016  
3220.0      4746.4438477    2922.2363281    2626.1484375  
3240.0      4762.6835938    2932.3562012    2628.7800293  
3260.0      4778.9262695    2942.4777832    2631.4121094  
3280.0      4795.1684570    2952.5988770    2634.0439453  
3300.0      4811.4140625    2962.7221680    2636.6765137  
3320.0      4827.6591797    2972.8449707    2639.3090820  
3340.0      4843.9028320    2982.9670410    2641.9414062  
3360.0      4860.1508789    2993.0913086    2644.5742188  
3380.0      4876.3999023    3003.2167969    2647.2072754  
3400.0      4892.6499023    3013.3422852    2649.8405762  
3420.0      4908.9023438    3023.4694824    2652.4741211  
3440.0      4925.1552734    3033.5969238    2655.1079102  
3460.0      4941.4111328    3043.7263184    2657.7419434  
3480.0      4957.6684570    3053.8559570    2660.3764648  
3500.0      4973.9277344    3063.9870605    2663.0109863  
3520.0      4988.2612305    3065.8593750    2665.6459961  
3540.0      5002.5966797    3067.7329102    2668.2814941  
3560.0      5016.9340820    3069.6076660    2670.9169922  
3580.0      5031.2744141    3071.4838867    2673.5532227  
3600.0      5045.6171875    3073.3610840    2676.1896973  
3620.0      5059.9619141    3075.2399902    2678.8264160  
3640.0      5074.3095703    3077.1206055    2681.4636230  
3660.0      5088.6596680    3079.0024414    2684.1013184  
3680.0      5103.0126953    3080.8859863    2686.7395020  
3700.0      5117.3676758    3082.7707520    2689.3779297  
3720.0      5131.7260742    3084.6574707    2692.0168457  
3740.0      5146.0869141    3086.5456543    2694.6562500  
3760.0      5160.4506836    3088.4355469    2697.2958984  
3780.0      5174.8178711    3090.3273926    2699.9365234  
3800.0      5189.1875000    3092.2207031    2702.5771484  
3820.0      5203.5605469    3094.1154785    2705.2182617  
3840.0      5217.9375000    3096.0129395    2707.8603516  
3860.0      5232.3164062    3097.9116211    2710.5024414  
3880.0      5246.7006836    3099.8129883    2713.1455078  
3900.0      5261.0874023    3101.7160645    2715.7888184  
3920.0      5275.4765625    3103.6206055    2718.4326172  
3940.0      5289.8701172    3105.5273438    2721.0771484  
3960.0      5304.2670898    3107.4365234    2723.7221680  
3980.0      5318.6669922    3109.3474121    2726.3676758  
4000.0      5664.6142578    3449.3474121    2781.3647461  
4020.0      5665.5493164    3450.9692383    2781.3232422  
4040.0      5666.4848633    3452.5908203    2781.2814941  
4060.0      5667.4199219    3454.2124023    2781.2399902  
4080.0      5668.3549805    3455.8339844    2781.1984863  
4100.0      5669.2905273    3457.4558105    2781.1567383  
4120.0      5670.2255859    3459.0776367    2781.1152344  
4140.0      5671.1611328    3460.6992188    2781.0737305  
4160.0      5672.0961914    3462.3208008    2781.0322266  
4180.0      5673.0307617    3463.9423828    2780.9907227  
4200.0      5673.9663086    3465.5639648    2780.9489746  
4220.0      5674.9013672    3467.1857910    2780.9074707  
4240.0      5675.8364258    3468.8076172    2780.8659668  
4260.0      5676.7719727    3470.4291992    2780.8242188  
4280.0      5677.7065430    3472.0510254    2780.7827148  
4300.0      5678.6425781    3473.6726074    2780.7412109  
4320.0      5679.5771484    3475.2944336    2780.6997070  
4340.0      5680.5122070    3476.9162598    2780.6579590  
4360.0      5681.4472656    3478.5378418    2780.6164551  
4380.0      5682.3828125    3480.1596680    2780.5749512  
4400.0      5683.3173828    3481.7812500    2780.5332031  
4420.0      5684.2529297    3483.4030762    2780.4916992  
4440.0      5685.1879883    3485.0246582    2780.4501953  
4460.0      5686.1230469    3486.6464844    2780.4086914  
4480.0      5687.0585938    3488.2675781    2780.3671875  
4500.0      5687.9936523    3489.8896484    2780.3254395  
4520.0      5694.9047852    3490.3142090    2780.2839355  
4540.0      5701.8159180    3490.7390137    2780.2424316  
4560.0      5708.7260742    3491.1635742    2780.2006836  
4580.0      5715.6372070    3491.5886230    2780.1591797  
4600.0      5722.5483398    3492.0131836    2780.1176758  
4620.0      5729.4594727    3492.4379883    2780.0761719  
4640.0      5736.3696289    3492.8630371    2780.0344238  
4660.0      5743.2812500    3493.2875977    2779.9929199  
4680.0      5750.1923828    3493.7124023    2779.9514160  
4700.0      5757.1030273    3494.1372070    2779.9096680  
4720.0      5764.0136719    3494.5620117    2779.8681641  
4740.0      5770.9248047    3494.9865723    2779.8266602  
4760.0      5777.8354492    3495.4116211    2779.7851562  
4780.0      5784.7460938    3495.8361816    2779.7434082  
4800.0      5791.6577148    3496.2609863    2779.7021484  
4820.0      5798.5683594    3496.6855469    2779.6604004  
4840.0      5805.4794922    3497.1103516    2779.6188965  
4860.0      5812.3901367    3497.5349121    2779.5771484  
4880.0      5819.3012695    3497.9599609    2779.5356445  
4900.0      5826.2119141    3498.3845215    2779.4941406  
4920.0      5833.1235352    3498.8093262    2779.4526367  
4940.0      5840.0341797    3499.2343750    2779.4111328  
4960.0      5846.9448242    3499.6589355    2779.3693848  
4980.0      5853.8559570    3500.0837402    2779.3278809  
5000.0      5860.7670898    3500.5085449    2779.2863770  
