CS_Short_Name CS_Site_Lon CS_Site_Lat Run_ID
ACTN -118.18378 34.4613 4296
ALIS -118.09137 34.41973 4297
ALP -118.29946 34.68708 4298
BKBU -117.72605 34.56202 4299
BRE -117.98116 33.80776 4300
BVH -118.1005 34.015 4301
CCP -118.41302 34.054886 4284
CHN -117.68044 33.99879 4302
COO -118.21639 33.89604 4286
CSDH -118.257 33.863 4303
DLA -118.09624 33.84822 4305
EMCH -118.0297 34.0709 4306
FFI -118.50862 34.33603 4307
FIL -118.912 34.39865 4308
GAVI -117.39802 33.79844 4309
GLBT -117.38252 33.95727 4310
GOPH -117.3596 33.90287 4311
GV03 -117.23294 34.27648 4312
GV05 -117.24477 34.28145 4313
HLL -118.35967 34.17643 4314
HUMC -118.2918 33.8306 4315
LADT -118.25713 34.05204 4283
LAF -118.33143 33.86889 4316
LAPD -118.125 34.557 4294
LBP -118.223 33.754944 4317
LBUT -117.83157 34.59946 4318
LBUT2 -117.81468 34.59237 4319
LGB -118.14918 33.9753 4320
LGU -119.06587 34.10819 4321
LMAT -117.40281 33.80195 4322
LPER -117.16344 33.8865 4323
MBRD -117.37745 33.962 4324
MKBD -117.38617 33.88442 4325
MOP -118.9049 34.28085 4326
MRSD -117.8811 34.1749 4327
MRVY -117.16828 33.92527 4328
NUEVO -117.15202 33.77602 4329
OLI -117.92372 33.94539 4330
OSI -118.7235 34.6145 4331
P1 -118.48887 34.3146 4332
P10 -118.20656 34.056297 4333
P11 -118.197174 34.033783 4334
P12 -118.17989 34.01185 4335
P13 -118.164375 33.99317 4336
P14 -118.27574 34.061253 4337
P15 -118.48174 34.024624 4342
P16 -118.4468 34.03183 4343
P17 -118.409584 34.03552 4344
P18 -118.35438 34.051228 4345
P19 -118.321785 34.04732 4346
P2 -118.46393 34.285625 4347
P20 -118.60878 34.23448 4348
P21 -118.58717 34.209946 4349
P22 -118.56609 34.18277 4287
P23 -118.54903 34.15379 4350
P24 -118.53032 34.123295 4351
P25 -118.49891 34.07598 4352
P3 -118.42409 34.24939 4353
P4 -118.37437 34.216213 4354
P5 -118.33417 34.191063 4355
P6 -118.30314 34.16921 4356
P7 -118.27466 34.13857 4357
P8 -118.251945 34.1073 4358
P9 -118.22514 34.08211 4359
PACI -117.97474 34.34609 4360
PACI2 -118.0498 34.3863 4361
PAS -118.17119 34.148426 4282
PBWL -117.85763 34.4131 4362
PDE -118.58215 34.44199 4363
PDU -117.63808 34.1207 4364
PEDL -117.46292 33.99014 4365
PERR -117.24904 33.80594 4366
PERR2 -117.24363 33.78807 4367
PERRM -117.25333 33.79945 4368
PIBU -117.85022 34.65307 4369
PLS -117.60906 33.7953 4370
PTWN -116.49771 34.1428 4371
RHCH -118.3528 33.7834 4372
RIO -117.97956 34.10473 4373
RPV -118.40412 33.74346 4374
s001 -119.22848 34.26667 4386
s003 -119.17637 34.34576 4419
s022 -119.18086 34.24505 4420
s024 -119.12872 34.32412 4418
s026 -119.07648 34.40317 4421
s028 -119.02414 34.4822 4422
s030 -118.97171 34.56122 4423
s032 -118.91919 34.64021 4424
s034 -118.86656 34.71918 4425
s035 -118.84021 34.75866 4426
s036 -118.81384 34.79813 4427
s038 -118.76102 34.87706 4428
s040 -118.7081 34.95597 4429
s043 -119.15931 34.18388 4430
s048 -119.02881 34.38149 4431
s064 -119.13779 34.1227 4432
s066 -119.08568 34.20175 4433
s068 -119.03347 34.28078 4434
s070 -118.98116 34.3598 4435
s071 -118.95498 34.39929 4436
s072 -118.92876 34.43879 4437
s074 -118.87627 34.51776 4438
s076 -118.82367 34.59671 4439
s078 -118.77098 34.67565 4440
s080 -118.71819 34.75456 4441
s081 -118.69176 34.79401 4442
s082 -118.66531 34.83345 4443
s084 -118.61232 34.91232 4444
s109 -118.99059 34.15837 4448
s111 -118.93832 34.23737 4449
s113 -118.88595 34.31634 4450
s115 -118.83348 34.3953 4452
s117 -118.78092 34.47423 4453
s119 -118.72826 34.55314 4454
s121 -118.6755 34.63204 4455
s123 -118.62264 34.71091 4456
s125 -118.56969 34.78976 4457
s127 -118.51664 34.86859 4458
s145 -118.54843 34.72848 4459
s151 -118.8956 34.11491 4460
s153 -118.84326 34.19387 4461
s155 -118.79083 34.27281 4462
s157 -118.73829 34.35172 4463
s159 -118.68566 34.43062 4464
s161 -118.63294 34.5095 4467
s163 -118.58011 34.58835 4468
s165 -118.52719 34.66718 4469
s167 -118.47417 34.746 4470
s169 -118.42106 34.82479 4471
s187 -118.45299 34.68469 4472
s193 -118.80071 34.07138 4473
s195 -118.7483 34.1503 4474
s197 -118.6958 34.2292 4475
s199 -118.6432 34.30808 4476
s201 -118.59051 34.38693 4477
s203 -118.53772 34.46577 4478
s205 -118.48483 34.54459 4479
s207 -118.43184 34.62338 4480
s209 -118.37876 34.70215 4481
s211 -118.32557 34.7809 4482
s228 -118.35766 34.64083 4483
s234 -118.65344 34.10665 4484
s236 -118.60087 34.18551 4485
s238 -118.54821 34.26435 4486
s240 -118.49545 34.34317 4487
s242 -118.44259 34.42197 4488
s244 -118.38964 34.50074 4489
s246 -118.33659 34.5795 4490
s248 -118.28344 34.65823 4491
s250 -118.23019 34.73694 4492
s266 -118.26242 34.59689 4493
s271 -118.55867 34.06293 4494
s273 -118.50604 34.14175 4495
s275 -118.45331 34.22055 4496
s277 -118.40049 34.29933 4497
s279 -118.34757 34.37809 4498
s281 -118.29455 34.45683 4499
s283 -118.24143 34.53554 4500
s285 -118.18822 34.61423 4501
s287 -118.1349 34.69291 4502
s292 -118.43229 34.15923 4503
s302 -118.16728 34.55287 4504
s307 -118.46399 34.01913 4505
s309 -118.4113 34.09791 4506
s311 -118.35851 34.17667 4507
s313 -118.30562 34.25541 4508
s315 -118.25264 34.33413 4509
s317 -118.19955 34.41283 4510
s319 -118.14637 34.49151 4511
s321 -118.0931 34.57016 4512
s323 -118.03972 34.64879 4513
s328 -118.36397 34.07596 4514
s339 -118.07224 34.50878 4515
s344 -118.39576 33.93587 4516
s345 -118.36942 33.97525 4517
s346 -118.34305 34.01462 4518
s347 -118.31666 34.05399 4519
s348 -118.29024 34.09336 4520
s349 -118.2638 34.13272 4521
s351 -118.21085 34.21142 4522
s353 -118.1578 34.2901 4523
s355 -118.10466 34.36876 4524
s357 -118.05142 34.4474 4525
s359 -117.99807 34.52601 4526
s361 -117.94463 34.6046 4527
s365 -118.32216 33.95328 4528
s366 -118.29578 33.99265 4529
s378 -117.9773 34.46461 4530
s380 -117.92388 34.54319 4531
s383 -118.38029 33.77382 4532
s385 -118.32766 33.85257 4533
s387 -118.27493 33.9313 4534
s388 -118.24853 33.97065 4535
s389 -118.22211 34.01 4536
s391 -118.16919 34.08869 4537
s393 -118.11618 34.16735 4538
s395 -118.06307 34.24599 4539
s397 -118.00986 34.32461 4540
s399 -117.95656 34.40321 4541
s401 -117.90315 34.48178 4542
s403 -117.84965 34.56033 4543
s410 -118.20131 33.94864 4544
s424 -117.82897 34.49891 4545
s427 -118.28602 33.72987 4546
s429 -118.23333 33.80858 4288
s431 -118.18054 33.88727 4547
s433 -118.12766 33.96594 4548
s435 -118.07468 34.04458 4549
s437 -118.02161 34.12321 4550
s439 -117.96843 34.20181 4551
s441 -117.91516 34.28039 4552
s443 -117.8618 34.35895 4553
s445 -117.80833 34.43748 4554
s447 -117.75476 34.51599 4555
s451 -118.15981 33.8259 4556
s453 -118.10694 33.90456 4557
s465 -117.78771 34.37605 4558
s467 -117.73417 34.45455 4559
s470 -118.1391 33.76452 4560
s472 -118.08625 33.84317 4561
s474 -118.03331 33.9218 4562
s476 -117.98027 34.00041 4563
s478 -117.92713 34.07899 4564
s480 -117.87389 34.15755 4565
s482 -117.82056 34.23609 4566
s484 -117.76713 34.31461 4567
s486 -117.7136 34.3931 4568
s488 -117.65998 34.47157 4569
s491 -118.06559 33.78178 4570
s493 -118.01267 33.8604 4571
s505 -117.69307 34.33165 4572
s507 -117.63946 34.41012 4573
s510 -118.04497 33.72038 4574
s512 -117.99206 33.79899 4575
s514 -117.93905 33.87758 4576
s516 -117.88595 33.95615 4577
s518 -117.83275 34.0347 4578
s520 -117.77945 34.11322 4579
s522 -117.72606 34.19172 4580
s524 -117.67257 34.2702 4581
s526 -117.61898 34.34865 4582
s528 -117.56529 34.42708 4583
s531 -117.97148 33.73758 4584
s541 -117.70557 34.13027 4585
s545 -117.59853 34.28718 4586
s547 -117.54485 34.36561 4587
s550 -117.95093 33.67617 4588
s552 -117.89795 33.75474 4589
s554 -117.84489 33.83329 4590
s556 -117.79173 33.91182 4591
s558 -117.73847 33.99033 4592
s560 -117.68511 34.06881 4593
s562 -117.63165 34.14727 4594
s564 -117.5781 34.22571 4595
s566 -117.52445 34.30413 4596
s568 -117.4707 34.38252 4597
s586 -117.50408 34.24264 4598
s588 -117.45035 34.32102 4599
s591 -117.85698 33.63189 4600
s593 -117.80395 33.71042 4601
s595 -117.75082 33.78893 4602
s597 -117.6976 33.86742 4603
s599 -117.64428 33.94589 4604
s601 -117.59086 34.02433 4605
s603 -117.53735 34.10275 4295
s605 -117.48374 34.18115 4606
s607 -117.43002 34.25952 4607
s609 -117.37621 34.33787 4608
s624 -117.46342 34.11966 4609
s632 -117.76313 33.58753 4610
s634 -117.71004 33.66602 4611
s636 -117.65685 33.7445 4612
s638 -117.60357 33.82295 4613
s640 -117.55019 33.90137 4614
s642 -117.49671 33.97978 4615
s644 -117.44314 34.05816 4616
s646 -117.38947 34.13652 4617
s647 -117.36259 34.17569 4618
s648 -117.3357 34.21485 4619
s650 -117.28183 34.29316 4620
s660 -117.5299 33.83989 4621
s666 -117.36923 34.07501 4622
s668 -117.31548 34.15333 4623
s674 -117.66938 33.5431 4624
s676 -117.61622 33.62155 4625
s678 -117.56298 33.69999 4626
s680 -117.50964 33.7784 4627
s682 -117.4562 33.85679 4628
s684 -117.40266 33.93515 4289
s686 -117.34903 34.01349 4629
s688 -117.2953 34.09181 4630
s689 -117.2684 34.13096 4631
s690 -117.24147 34.1701 4632
s692 -117.18754 34.24837 4633
s710 -117.22133 34.10857 4634
s716 -117.57572 33.49859 4635
s718 -117.52251 33.57701 4636
s720 -117.4692 33.65541 4637
s722 -117.4158 33.73378 4638
s724 -117.3623 33.81213 4639
s726 -117.30871 33.89045 4640
s728 -117.25502 33.96875 4641
s730 -117.20123 34.04703 4642
s731 -117.17429 34.08616 4643
s732 -117.14734 34.12528 4644
s734 -117.09335 34.20351 4645
s758 -117.53532 33.37562 4290
s760 -117.48215 33.45402 4646
s762 -117.42888 33.5324 4647
s764 -117.37552 33.61075 4648
s765 -117.3488 33.64992 4649
s766 -117.32206 33.68909 4650
s768 -117.26851 33.76739 4651
s770 -117.21485 33.84568 4652
s772 -117.1611 33.92394 4653
s774 -117.10725 34.00218 4654
s776 -117.05331 34.08039 4655
s778 -116.99926 34.15858 4656
s794 -117.11418 33.90151 4657
s795 -117.08726 33.94062 4658
SABD -117.86778 33.754112 4375
SBSM -117.29201 34.064986 4291
SGCD -117.8625 34.2058 4376
SGRTT -117.9495 34.1321 4377
SLVW -117.34775 34.29296 4378
SMCA -118.48939 34.00909 4292
STG -117.76856 33.664 4379
STNI -118.17881 33.93088 4285
SVD -117.09822 34.10647 4380
TAB -117.68191 34.38245 4381
TRA -118.3393 33.804 4382
UCR -117.31636 33.96425 4383
USC -118.286 34.0192 4384
WNGC -118.0653 34.041824 4293
WSS -118.64971 34.1717 4385
