[-118.7173, 34.4059, 8.3400]
[-118.7071, 34.4042, 8.3400]
[-118.6969, 34.4025, 8.3400]
[-118.6868, 34.4008, 8.3400]
[-118.6766, 34.3991, 8.3400]
[-118.6664, 34.3973, 8.3400]
[-118.6562, 34.3956, 8.3400]
[-118.6460, 34.3939, 8.3400]
[-118.6935, 34.2925, 16.8003]
[-118.7036, 34.2943, 16.8003]
[-118.7138, 34.2960, 16.8003]
[-118.7240, 34.2977, 16.8003]
[-118.7342, 34.2994, 16.8003]
[-118.7443, 34.3011, 16.8003]
[-118.7545, 34.3028, 16.8003]
[-118.7647, 34.3046, 16.8003]
[-118.7173, 34.4059, 8.3400]
[, >, ]
[-118.6460, 34.3939, 8.3400]
[-118.6363, 34.3912, 8.3400]
[-118.6276, 34.3865, 8.3400]
[-118.6189, 34.3819, 8.3400]
[-118.6102, 34.3772, 8.3400]
[-118.6015, 34.3725, 8.3400]
[-118.5930, 34.3676, 8.3400]
[-118.5845, 34.3627, 8.3400]
[-118.6320, 34.2614, 16.8003]
[-118.6404, 34.2663, 16.8003]
[-118.6489, 34.2712, 16.8003]
[-118.6577, 34.2759, 16.8003]
[-118.6664, 34.2805, 16.8003]
[-118.6751, 34.2852, 16.8003]
[-118.6838, 34.2898, 16.8003]
[-118.6935, 34.2925, 16.8003]
[-118.6460, 34.3939, 8.3400]
[, >, ]
[-118.5845, 34.3627, 8.3400]
[-118.5760, 34.3578, 8.3400]
[-118.5675, 34.3528, 8.3400]
[-118.5590, 34.3479, 8.3400]
[-118.5505, 34.3430, 8.3400]
[-118.5404, 34.3411, 8.3400]
[-118.5302, 34.3392, 8.3400]
[-118.5201, 34.3374, 8.3400]
[-118.5676, 34.2361, 16.8003]
[-118.5778, 34.2379, 16.8003]
[-118.5879, 34.2398, 16.8003]
[-118.5980, 34.2416, 16.8003]
[-118.6065, 34.2466, 16.8003]
[-118.6150, 34.2515, 16.8003]
[-118.6235, 34.2564, 16.8003]
[-118.6320, 34.2614, 16.8003]
[-118.5845, 34.3627, 8.3400]
[, >, ]
[-118.5201, 34.3374, 8.3400]
[-118.5099, 34.3356, 8.3400]
[-118.4998, 34.3338, 8.3400]
[-118.4896, 34.3320, 8.3400]
[-118.4796, 34.3299, 8.3400]
[-118.4696, 34.3273, 8.3400]
[-118.4597, 34.3248, 8.3400]
[-118.4498, 34.3222, 8.3400]
[-118.4975, 34.2210, 16.8003]
[-118.5074, 34.2235, 16.8003]
[-118.5173, 34.2260, 16.8003]
[-118.5272, 34.2286, 16.8003]
[-118.5372, 34.2307, 16.8003]
[-118.5473, 34.2325, 16.8003]
[-118.5575, 34.2343, 16.8003]
[-118.5676, 34.2361, 16.8003]
[-118.5201, 34.3374, 8.3400]
[, >, ]
[-118.4498, 34.3222, 8.3400]
[-118.4399, 34.3197, 8.3400]
[-118.4300, 34.3171, 8.3400]
[-118.4206, 34.3135, 8.3400]
[-118.4113, 34.3097, 8.3400]
[-118.4019, 34.3060, 8.3400]
[-118.3926, 34.3022, 8.3400]
[-118.3833, 34.2984, 8.3400]
[-118.4310, 34.1972, 16.8003]
[-118.4403, 34.2009, 16.8003]
[-118.4496, 34.2047, 16.8003]
[-118.4590, 34.2084, 16.8003]
[-118.4683, 34.2122, 16.8003]
[-118.4777, 34.2159, 16.8003]
[-118.4876, 34.2184, 16.8003]
[-118.4975, 34.2210, 16.8003]
[-118.4498, 34.3222, 8.3400]
[, >, ]
