-117.956000 33.757000
-117.968000 33.791000
-118.107000 33.846000
-118.161000 33.834000
-118.011000 33.905000
-117.991000 33.947000
-118.001000 33.946000
-117.921000 33.789000
-117.890000 33.785000
-117.957000 33.840000
-118.088400 33.798000
-118.175000 33.873000
-118.088400 33.798000
-118.127000 33.920000
-118.099000 33.939000
-118.108000 33.818000
-117.981200 33.807800
-117.922500 33.871700
-118.001000 33.727000
-117.887000 33.889000
-117.959000 33.866000
-117.956000 33.931000
-117.931000 33.909000
-117.858000 33.853000
-117.918000 33.767000
-118.019000 34.032000
-118.066000 33.962000
-118.047000 33.889000
-118.058000 33.928000
-117.923700 33.945400
-118.096200 33.848200
-118.072000 33.837000
-117.896000 33.933000
-118.118000 33.883000
-118.013300 34.001000
