# CI_LTP -118.17561190 33.88115800
# 
# Depth (m)   Vp (m/s)        Vs(m/s)      Density(kg/m3)
   0.0       382.5962524     160.1532898    1925.4119873  
  20.0       981.6474609     358.9124756    2020.0021973  
  40.0      1299.9000244     416.6700134    2070.2541504  
  60.0      1310.4476318     482.2000122    2071.9196777  
  80.0      1294.0197754     526.3900146    2069.3256836  
 100.0      1274.6472168     559.8800049    2066.2668457  
 120.0      1259.2122803     584.2700195    2063.8295898  
 140.0      1252.8521729     602.5700073    2062.8254395  
 160.0      1259.1379395     516.8150635    2063.8178711  
 180.0      1280.1523438     527.8696899    2067.1359863  
 200.0      1316.5568848     547.1602783    2072.8842773  
 220.0      1358.9337158     569.8349609    2079.5756836  
 240.0      1398.8208008     591.3886719    2085.8737793  
 260.0      1436.5543213     611.9635620    2091.8320312  
 280.0      1472.4035645     631.6740112    2097.4924316  
 300.0      1506.5865479     650.6141357    2102.8901367  
 320.0      1539.2854004     668.8624268    2108.0532227  
 340.0      1570.6511230     686.4848633    2113.0058594  
 360.0      1600.8115234     703.5375366    2117.7680664  
 380.0      1629.8764648     720.0692749    2122.3574219  
 400.0      1657.9403076     736.1218872    2126.7888184  
 420.0      1685.0850830     751.7318726    2131.0749512  
 440.0      1711.3820801     766.9315186    2135.2272949  
 460.0      1736.8947754     781.7493286    2139.2556152  
 480.0      1761.6801758     796.2118530    2143.1694336  
 500.0      1785.7857666     810.3396606    2146.9755859  
 520.0      1809.2583008     824.1552734    2150.6818848  
 540.0      1832.1367188     837.6760254    2154.2944336  
 560.0      1854.4578857     850.9191284    2157.8188477  
 580.0      1876.2547607     863.9002686    2161.2607422  
 600.0      1897.5556641     876.6318970    2164.6240234  
 620.0      1918.3890381     889.1279907    2167.9135742  
 640.0      1938.7790527     901.3997192    2171.1333008  
 660.0      1958.7504883     913.4587402    2174.2866211  
 680.0      1978.3215332     925.3137817    2177.3769531  
 700.0      1997.5136719     936.9751587    2180.4074707  
 720.0      2016.3430176     948.4501343    2183.3806152  
 740.0      2034.8267822     959.7470703    2186.2990723  
 760.0      2052.9821777     970.8749390    2189.1660156  
 780.0      2070.8212891     981.8384399    2191.9826660  
 800.0      2088.3581543     992.6450195    2194.7517090  
 820.0      2172.7753906    1103.1788330    2221.1779785  
 840.0      2182.9611816    1109.5871582    2223.2377930  
 860.0      2193.0493164    1115.9460449    2225.2653809  
 880.0      2203.0424805    1122.2563477    2227.2617188  
 900.0      2212.9450684    1128.5203857    2229.2282715  
 920.0      2222.7592773    1134.7395020    2231.1657715  
 940.0      2232.4887695    1140.9145508    2233.0751953  
 960.0      2242.1379395    1147.0485840    2234.9582520  
 980.0      2251.7082520    1153.1418457    2236.8149414  
1000.0      2261.2016602    1159.1951904    2238.6467285  
1020.0      2271.1369629    1166.0332031    2240.4541016  
1040.0      2281.0012207    1172.8341064    2242.2380371  
1060.0      2290.7971191    1179.5992432    2243.9992676  
1080.0      2300.5258789    1186.3293457    2245.7385254  
1100.0      2310.1901855    1193.0258789    2247.4565430  
1120.0      2319.7915039    1199.6893311    2249.1538086  
1140.0      2329.3315430    1206.3206787    2250.8308105  
1160.0      2338.8129883    1212.9211426    2252.4885254  
1180.0      2348.2373047    1219.4913330    2254.1271973  
1200.0      2357.6052246    1226.0319824    2255.7478027  
1220.0      2366.9191895    1232.5438232    2257.3503418  
1240.0      2376.1804199    1239.0278320    2258.9353027  
1260.0      2385.3896484    1245.4838867    2260.5031738  
1280.0      2394.5493164    1251.9136963    2262.0546875  
1300.0      2403.6604004    1258.3178711    2263.5905762  
1320.0      2412.7238770    1264.6962891    2265.1101074  
1340.0      2421.7407227    1271.0498047    2266.6147461  
1360.0      2430.7128906    1277.3795166    2268.1044922  
1380.0      2439.6408691    1283.6853027    2269.5795898  
1400.0      2448.5253906    1289.9680176    2271.0407715  
1420.0      2457.3686523    1296.2280273    2272.4877930  
1440.0      2466.1708984    1302.4660645    2273.9216309  
1460.0      2474.9323730    1308.6820068    2275.3417969  
1480.0      2483.6547852    1314.8769531    2276.7492676  
1500.0      2492.3395996    1321.0513916    2278.1442871  
1520.0      2502.5820312    1328.3305664    2279.5268555  
1540.0      2512.7875977    1335.5894775    2280.8974609  
1560.0      2522.9580078    1342.8292236    2282.2561035  
1580.0      2533.0927734    1350.0496826    2283.6030273  
1600.0      2543.1933594    1357.2513428    2284.9387207  
1620.0      2553.2604980    1364.4345703    2286.2636719  
1640.0      2563.2954102    1371.6003418    2287.5776367  
1660.0      2573.2963867    1378.7476807    2288.8808594  
1680.0      2583.2663574    1385.8776855    2290.1733398  
1700.0      2593.2062988    1392.9909668    2291.4560547  
1720.0      2603.1152344    1400.0874023    2292.7287598  
1740.0      2612.9938965    1407.1672363    2293.9912109  
1760.0      2622.8442383    1414.2313232    2295.2443848  
1780.0      2632.6652832    1421.2792969    2296.4882812  
1800.0      2642.4584961    1428.3116455    2297.7224121  
1820.0      2652.2241211    1435.3288574    2298.9477539  
1840.0      2661.9626465    1442.3309326    2300.2136230  
1860.0      2671.6743164    1449.3179932    2301.7841797  
1880.0      2681.3593750    1456.2904053    2303.3435059  
1900.0      2691.0195312    1463.2490234    2304.8920898  
1920.0      2700.6542969    1470.1932373    2306.4296875  
1940.0      2710.2639160    1477.1235352    2307.9565430  
1960.0      2719.8496094    1484.0404053    2309.4731445  
1980.0      2729.4111328    1490.9438477    2310.9794922  
2000.0      2738.9492188    1497.8339844    2312.4755859  
2020.0      2750.1210938    1506.1750488    2313.9619141  
2040.0      2761.2707520    1514.5034180    2315.4384766  
2060.0      2772.3974609    1522.8187256    2316.9050293  
2080.0      2783.5014648    1531.8377686    2318.3623047  
2100.0      2794.5844727    1544.1329346    2319.8103027  
2120.0      2805.6467285    1556.3952637    2321.2492676  
2140.0      2816.6872559    1568.6235352    2322.6791992  
2160.0      2827.7067871    1580.8184814    2324.1000977  
2180.0      2838.7070312    1592.9824219    2325.5124512  
2200.0      2849.6862793    1605.1134033    2326.9160156  
2220.0      2860.6459961    1617.2137451    2328.3112793  
2240.0      2871.5864258    1629.2827148    2329.6979980  
2260.0      2882.5078125    1641.3215332    2331.0766602  
2280.0      2893.4099121    1653.3293457    2332.4470215  
2300.0      2904.2927246    1665.3068848    2333.8093262  
2320.0      2915.1589355    1677.2579346    2335.1643066  
2340.0      2926.0053711    1689.1776123    2336.5109863  
2360.0      2936.8342285    1701.0682373    2337.8498535  
2380.0      2949.5744629    1712.9329834    2339.1816406  
2400.0      2965.6677246    1724.7687988    2340.5058594  
2420.0      2981.7145996    1736.5772705    2341.8227539  
2440.0      2997.7155762    1748.3583984    2343.1323242  
2460.0      3013.6713867    1760.1131592    2344.4350586  
2480.0      3029.5827637    1771.8414307    2345.7304688  
2500.0      3045.4501953    1783.5437012    2347.0190430  
2520.0      3057.6257324    1791.0534668    2348.3007812  
2540.0      3069.7580566    1798.5369873    2349.5754395  
2560.0      3081.8479004    1805.9958496    2350.8437500  
2580.0      3093.8964844    1813.4302979    2352.1054688  
2600.0      3105.9038086    1820.8397217    2353.3605957  
2620.0      3117.8703613    1828.2249756    2354.6091309  
2640.0      3129.7966309    1835.5863037    2355.8515625  
2660.0      3141.6838379    1842.9243164    2357.0876465  
2680.0      3153.5319824    1850.2391357    2358.3178711  
2700.0      3165.3410645    1857.5301514    2359.5415039  
2720.0      3177.1118164    1864.7985840    2360.7592773  
2740.0      3188.8449707    1872.0443115    2361.9711914  
2760.0      3200.5412598    1879.2680664    2363.1772461  
2780.0      3212.2001953    1886.4694824    2364.3774414  
2800.0      3223.8232422    1893.6491699    2365.5717773  
2820.0      3235.4104004    1900.8074951    2366.7607422  
2840.0      3246.9614258    1907.9440918    2367.9438477  
2860.0      3258.4777832    1915.0595703    2369.1213379  
2880.0      3269.9594727    1922.1540527    2370.2934570  
2900.0      3281.4064941    1929.2280273    2371.4602051  
2920.0      3292.8203125    1936.2818604    2372.6215820  
2940.0      3304.2004395    1943.3154297    2373.7778320  
2960.0      3315.5468750    1950.3283691    2374.9284668  
2980.0      3326.8610840    1957.3220215    2376.0742188  
3000.0      3338.1430664    1964.2961426    2377.2148438  
3020.0      3348.9414062    1970.9042969    2378.3503418  
3040.0      3359.7077637    1977.4929199    2379.4809570  
3060.0      3370.4426270    1984.0625000    2380.6064453  
3080.0      3381.1469727    1990.6135254    2381.7270508  
3100.0      3391.8205566    1997.1457520    2382.8427734  
3120.0      3402.4641113    2003.6599121    2383.9538574  
3140.0      3413.0771484    2010.1551514    2385.0600586  
3160.0      3423.6608887    2016.6331787    2386.1618652  
3180.0      3434.2148438    2023.0926514    2387.2587891  
3200.0      3444.7402344    2029.5345459    2388.3510742  
3220.0      3455.2368164    2035.9593506    2389.4389648  
3240.0      3465.7043457    2042.3663330    2390.5224609  
3260.0      3476.1440430    2048.7563477    2391.6013184  
3280.0      3486.5563965    2055.1291504    2392.6757812  
3300.0      3496.9401855    2061.4848633    2393.7458496  
3320.0      3507.2973633    2067.8242188    2394.8117676  
3340.0      3517.6269531    2074.1467285    2395.8732910  
3360.0      3527.9301758    2080.4533691    2396.9306641  
3380.0      3538.2067871    2086.7434082    2397.9838867  
3400.0      3548.4575195    2093.0175781    2399.0329590  
3420.0      3558.6816406    2099.2751465    2400.0776367  
3440.0      3568.8803711    2105.5175781    2401.1186523  
3460.0      3579.0532227    2111.7436523    2402.1552734  
3480.0      3589.2011719    2117.9545898    2403.1882324  
3500.0      3599.3237305    2124.1503906    2404.2170410  
3520.0      3607.8466797    2129.0329590    2405.2419434  
3540.0      3616.3447266    2133.9006348    2406.2631836  
3560.0      3624.8183594    2138.7531738    2407.2802734  
3580.0      3633.2683105    2143.5910645    2408.2937012  
3600.0      3641.6938477    2148.4140625    2409.3034668  
3620.0      3650.0976562    2153.2236328    2410.3095703  
3640.0      3658.4763184    2158.0173340    2411.3117676  
3660.0      3666.8305664    2162.7958984    2412.3103027  
3680.0      3675.1630859    2167.5615234    2413.3051758  
3700.0      3683.4731445    2172.3129883    2414.2966309  
3720.0      3691.7614746    2177.0510254    2415.2846680  
3740.0      3700.0263672    2181.7744141    2416.2687988  
3760.0      3708.2678223    2186.4829102    2417.2492676  
3780.0      3716.4882812    2191.1787109    2418.2265625  
3800.0      3724.6872559    2195.8613281    2419.2004395  
3820.0      3732.8659668    2200.5312500    2420.1711426  
3840.0      3741.0205078    2205.1860352    2421.1379395  
3860.0      3749.1547852    2209.8283691    2422.1015625  
3880.0      3757.2687988    2214.4580078    2423.0620117  
3900.0      3765.3613281    2219.0742188    2424.0190430  
3920.0      3773.4338379    2223.6779785    2424.9729004  
3940.0      3781.4851074    2228.2685547    2425.9233398  
3960.0      3789.5166016    2232.8469238    2426.8708496  
3980.0      3797.5273438    2237.4118652    2427.8149414  
4000.0      3805.5180664    2241.9645996    2428.7558594  
4020.0      3815.6303711    2247.4057617    2429.6938477  
4040.0      3825.7229004    2252.8347168    2430.6286621  
4060.0      3835.7963867    2258.2514648    2431.5605469  
4080.0      3845.8500977    2263.6560059    2432.4892578  
4100.0      3855.8842773    2269.0480957    2433.4145508  
4120.0      3865.8999023    2274.4287109    2434.3374023  
4140.0      3875.8967285    2279.7973633    2435.2568359  
4160.0      3885.8742676    2285.1542969    2436.1735840  
4180.0      3895.8334961    2290.4995117    2437.0874023  
4200.0      3905.7744141    2295.8334961    2437.9982910  
4220.0      3915.6970215    2301.1555176    2438.9062500  
4240.0      3925.6015625    2306.4663086    2439.8112793  
4260.0      3935.4877930    2311.7653809    2440.7133789  
4280.0      3945.3566895    2317.0537109    2441.6127930  
4300.0      3955.2075195    2322.3310547    2442.5095215  
4320.0      3965.0410156    2327.5971680    2443.4033203  
4340.0      3974.8566895    2332.8520508    2444.2944336  
4360.0      3984.6555176    2338.0961914    2445.1828613  
4380.0      3994.4365234    2343.3295898    2446.0686035  
4400.0      4004.2009277    2348.5517578    2446.9514160  
4420.0      4013.9487305    2353.7639160    2447.8317871  
4440.0      4023.6791992    2358.9650879    2448.7094727  
4460.0      4033.3930664    2364.1557617    2449.5844727  
4480.0      4043.0905762    2369.3359375    2450.4567871  
4500.0      4052.7714844    2374.5058594    2451.3266602  
4520.0      4058.6042480    2377.0598145    2452.1938477  
4540.0      4064.4208984    2379.6040039    2453.0585938  
4560.0      4070.2216797    2382.1384277    2453.9208984  
4580.0      4076.0058594    2384.6613770    2454.7802734  
4600.0      4081.7744141    2387.1752930    2455.6374512  
4620.0      4087.5273438    2389.6794434    2456.4921875  
4640.0      4093.2651367    2392.1730957    2457.3442383  
4660.0      4098.9873047    2394.6572266    2458.1940918  
4680.0      4104.6938477    2397.1318359    2459.0415039  
4700.0      4110.3847656    2399.5957031    2459.8862305  
4720.0      4116.0610352    2402.0507812    2460.7287598  
4740.0      4121.7221680    2404.4960938    2461.5688477  
4760.0      4133.4082031    2411.3564453    2463.3603516  
4780.0      4152.8012695    2423.8762207    2466.3688965  
4800.0      4171.8583984    2436.1672363    2469.3242188  
4820.0      4190.5996094    2448.2436523    2472.2297363  
4840.0      4209.0390625    2460.1142578    2475.0874023  
4860.0      4227.1840820    2471.7841797    2477.8989258  
4880.0      4245.0527344    2483.2653809    2480.6665039  
4900.0      4262.6552734    2494.5651855    2483.3923340  
4920.0      4279.9990234    2505.6875000    2486.0771484  
4940.0      4297.0966797    2516.6418457    2488.7231445  
4960.0      4313.9575195    2527.4338379    2491.3315430  
4980.0      4330.5898438    2538.0695801    2493.9040527  
5000.0      4347.0029297    2548.5549316    2496.4418945  
