# CI_RIO -117.97945517 34.10471714
# 
# Depth (m)   Vp (m/s)        Vs(m/s)      Density(kg/m3)
   0.0       360.8139954     188.9669952    1921.9725342  
  20.0      1921.5999756     391.2842102    2168.4206543  
  40.0      1910.3541260     530.3259888    2166.6450195  
  60.0      1880.0969238     633.9530029    2161.8671875  
  80.0      1841.2432861     676.6229858    2155.7324219  
 100.0      1801.5375977     737.5800171    2149.4628906  
 120.0      1767.0262451     780.2500000    2144.0134277  
 140.0      1742.3884277     784.9492798    2140.1230469  
 160.0      1731.0565186     778.3522339    2138.3337402  
 180.0      1735.2719727     780.8049316    2138.9995117  
 200.0      1756.1329346     792.9692993    2142.2934570  
 220.0      1812.7678223     826.2258301    2151.2360840  
 240.0      1866.0693359     857.8282471    2159.6523438  
 260.0      1916.4877930     887.9859009    2167.6135254  
 280.0      1964.3858643     916.8685913    2175.1765137  
 300.0      2010.0552979     944.6144409    2182.3876953  
 320.0      2053.7380371     971.3386841    2189.2851562  
 340.0      2095.6376953     997.1392212    2195.9011230  
 360.0      2231.0295410    1134.1053467    2224.8586426  
 380.0      2237.2758789    1139.3446045    2229.5717773  
 400.0      2243.0292969    1144.3312988    2234.1218262  
 420.0      2248.3305664    1149.0844727    2238.5234375  
 440.0      2253.2143555    1153.6214600    2242.7871094  
 460.0      2257.7124023    1157.9572754    2246.9233398  
 480.0      2261.8520508    1162.1054688    2250.9416504  
 500.0      2265.6577148    1166.0775146    2254.8498535  
 520.0      2280.2431641    1176.0208740    2258.6550293  
 540.0      2294.5363770    1185.8089600    2262.3640137  
 560.0      2308.5556641    1195.4506836    2265.9826660  
 580.0      2322.3164062    1204.9538574    2269.5161133  
 600.0      2335.8334961    1214.3260498    2272.9692383  
 620.0      2349.1208496    1223.5742188    2276.3464355  
 640.0      2362.1901855    1232.7041016    2279.6518555  
 660.0      2375.0527344    1241.7213135    2282.8889160  
 680.0      2387.7189941    1250.6315918    2286.0617676  
 700.0      2400.1987305    1259.4394531    2289.1723633  
 720.0      2412.5000000    1268.1492920    2292.2246094  
 740.0      2424.6318359    1276.7658691    2295.2209473  
 760.0      2436.6010742    1285.2923584    2298.1635742  
 780.0      2448.4157715    1293.7329102    2301.3725586  
 800.0      2460.0812988    1302.0904541    2305.0698242  
 820.0      2471.6042480    1310.3687744    2308.7060547  
 840.0      2482.9907227    1318.5704346    2312.2834473  
 860.0      2494.2460938    1326.6986084    2315.8049316  
 880.0      2505.3750000    1337.9868164    2319.2719727  
 900.0      2516.3825684    1355.4300537    2322.6870117  
 920.0      2527.2724609    1372.6876221    2326.0517578  
 940.0      2538.0500488    1389.7663574    2329.3681641  
 960.0      2548.7185059    1406.6715088    2332.6376953  
 980.0      2559.2817383    1423.4091797    2335.8623047  
1000.0      2571.1166992    1439.9841309    2339.0432129  
1020.0      2595.1235352    1457.0362549    2342.1818848  
1040.0      2618.8715820    1473.9356689    2345.2800293  
1060.0      2642.3703613    1490.6872559    2348.3386230  
1080.0      2665.6269531    1507.2951660    2351.3591309  
1100.0      2688.6489258    1523.7631836    2354.3425293  
1120.0      2711.4428711    1540.0954590    2357.2897949  
1140.0      2734.0166016    1556.2958984    2360.2023926  
1160.0      2756.3759766    1572.3684082    2363.0812988  
1180.0      2778.5251465    1588.3144531    2365.9267578  
1200.0      2800.4731445    1604.1394043    2368.7404785  
1220.0      2822.2255859    1619.8471680    2371.5234375  
1240.0      2843.7851562    1635.4382324    2374.2758789  
1260.0      2865.1572266    1650.9160156    2376.9987793  
1280.0      2886.3493652    1666.2849121    2379.6933594  
1300.0      2907.3642578    1681.5463867    2382.3598633  
1320.0      2928.2062988    1696.7027588    2384.9990234  
1340.0      2948.8811035    1711.7572021    2387.6115723  
1360.0      2969.3918457    1726.7119141    2390.1984863  
1380.0      2989.7426758    1741.5686035    2392.7600098  
1400.0      3009.9379883    1756.3303223    2395.2971191  
1420.0      3029.9804688    1770.9986572    2397.8100586  
1440.0      3049.8745117    1785.5759277    2400.2995605  
1460.0      3069.6230469    1800.0638428    2402.7661133  
1480.0      3089.2302246    1814.4645996    2405.2102051  
1500.0      3108.6977539    1828.7791748    2407.6323242  
1520.0      3126.8403320    1841.8411865    2410.0332031  
1540.0      2677.4506836    1526.0883789    2338.4570312  
1560.0      2688.6938477    1534.6693115    2339.9218750  
1580.0      2701.6579590    1543.7712402    2341.5048828  
1600.0      2712.1923828    1551.2054443    2342.7045898  
1620.0      2720.3083496    1556.9753418    2343.5219727  
1640.0      2726.0053711    1561.0792236    2343.9577637  
1660.0      2729.2629395    1563.5002441    2344.0080566  
1680.0      2730.0634766    1564.2272949    2343.6706543  
1700.0      2728.3659668    1563.2326660    2342.9387207  
1720.0      2724.1245117    1560.4869385    2341.8049316  
1740.0      2717.2846680    1555.9562988    2340.2609863  
1760.0      2709.3942871    1549.5977783    2338.2958984  
1780.0      2706.7438965    1541.3729248    2335.8989258  
1800.0      2703.0544434    1531.2285156    2333.0561523  
1820.0      2698.2924805    1519.1131592    2329.7536621  
1840.0      2692.4221191    1504.9727783    2325.9755859  
1860.0      2685.4023438    1488.7462158    2321.7043457  
1880.0      2677.1911621    1473.6356201    2316.9223633  
1900.0      2667.7412109    1467.6989746    2311.6088867  
1920.0      2657.0009766    1460.9467773    2305.7421875  
1940.0      2667.0156250    1467.7756348    2308.7773438  
1960.0      2678.8193359    1475.7869873    2312.5798340  
1980.0      2690.4929199    1483.7272949    2316.3266602  
2000.0      2702.0407715    1496.8972168    2320.0195312  
2020.0      2714.5468750    1515.7944336    2323.6608887  
2040.0      2726.9379883    1534.5131836    2327.2526855  
2060.0      2739.2172852    1553.0588379    2330.7966309  
2080.0      2751.3894043    1571.4388428    2334.2949219  
2100.0      2763.4582520    1589.6577148    2337.7485352  
2120.0      2785.2683105    1607.7210693    2341.1594238  
2140.0      2810.6232910    1625.6330566    2344.5285645  
2160.0      2835.7258301    1643.4000244    2347.8581543  
2180.0      2860.5825195    1661.0250244    2351.1489258  
2200.0      2885.2016602    1678.5124512    2354.4018555  
2220.0      2909.5905762    1695.8668213    2357.6186523  
2240.0      2933.7563477    1713.0919189    2360.8002930  
2260.0      2957.7055664    1730.1910400    2363.9477539  
2280.0      2981.4445801    1747.1672363    2367.0617676  
2300.0      3004.9790039    1764.0249023    2370.1437988  
2320.0      3028.3151855    1780.7661133    2373.1943359  
2340.0      3051.4584961    1797.3945312    2376.2143555  
2360.0      3074.4155273    1813.9138184    2379.2050781  
2380.0      3097.1862793    1830.3234863    2382.1665039  
2400.0      3119.7805176    1846.6293945    2385.0998535  
2420.0      3142.2021484    1862.8334961    2388.0058594  
2440.0      3164.4538574    1878.9371338    2390.8852539  
2460.0      3186.5405273    1894.9432373    2393.7385254  
2480.0      3208.4663086    1910.8541260    2396.5664062  
2500.0      3230.2351074    1926.6718750    2399.3696289  
2520.0      3248.1811523    1938.2025146    2402.1484375  
2540.0      3265.9772949    1949.6439209    2404.9038086  
2560.0      3287.8642578    1964.0234375    2408.3049316  
2580.0      3316.4147949    1983.1975098    2412.7583008  
2600.0      3344.4738770    2002.0628662    2417.1340332  
2620.0      3372.0634766    2020.6336670    2421.4357910  
2640.0      3399.2094727    2038.9252930    2425.6674805  
2660.0      3425.9296875    2056.9487305    2429.8317871  
2680.0      3452.2456055    2074.7167969    2433.9321289  
2700.0      3478.1665039    2092.2353516    2437.9704590  
2720.0      3503.7155762    2109.5185547    2441.9499512  
2740.0      3528.9042969    2126.5729980    2445.8725586  
2760.0      3553.7490234    2143.4089355    2449.7407227  
2780.0      3578.2607422    2160.0332031    2453.5563965  
2800.0      3602.4533691    2176.4543457    2457.3217773  
2820.0      4930.0991211    2737.5925293    2666.9020996  
2840.0      4935.9204102    2741.1511230    2667.7666016  
2860.0      4941.7416992    2744.7097168    2668.6308594  
2880.0      4947.5629883    2748.2685547    2669.4953613  
2900.0      4953.3842773    2751.8273926    2670.3598633  
2920.0      4959.2055664    2755.3857422    2671.2243652  
2940.0      4965.0268555    2758.9445801    2672.0888672  
2960.0      4970.8481445    2762.5031738    2672.9531250  
2980.0      4976.6694336    2766.0617676    2673.8176270  
3000.0      4982.4907227    2769.6206055    2674.6821289  
3020.0      4986.1640625    2770.6779785    2675.5463867  
3040.0      4989.8369141    2771.7353516    2676.4108887  
3060.0      4993.5097656    2772.7929688    2677.2753906  
3080.0      4997.1831055    2773.8500977    2678.1396484  
3100.0      5000.8564453    2774.9074707    2679.0041504  
3120.0      5004.5288086    2775.9650879    2679.8686523  
3140.0      5008.2026367    2777.0222168    2680.7331543  
3160.0      5011.8750000    2778.0795898    2681.5974121  
3180.0      5015.5483398    2779.1372070    2682.4619141  
3200.0      5019.2216797    2780.1945801    2683.3264160  
3220.0      5022.8945312    2781.2517090    2684.1909180  
3240.0      5026.5678711    2782.3090820    2685.0551758  
3260.0      5030.2412109    2783.3666992    2685.9196777  
3280.0      5033.9140625    2784.4240723    2686.7841797  
3300.0      5037.5874023    2785.4814453    2687.6484375  
3320.0      5041.2607422    2786.5388184    2688.5129395  
3340.0      5044.9331055    2787.5961914    2689.3774414  
3360.0      5048.6069336    2788.6533203    2690.2419434  
3380.0      5052.2797852    2789.7106934    2691.1064453  
3400.0      5055.9526367    2790.7683105    2691.9707031  
3420.0      5059.6259766    2791.8256836    2692.8349609  
3440.0      5063.2988281    2792.8830566    2693.6994629  
3460.0      5066.9721680    2793.9404297    2694.5639648  
3480.0      5070.6455078    2794.9978027    2695.4284668  
3500.0      5074.3178711    2796.0551758    2696.2927246  
3520.0      5079.9814453    2802.7773438    2697.1572266  
3540.0      5085.6450195    2809.4995117    2698.0217285  
3560.0      5091.3085938    2816.2216797    2698.8862305  
3580.0      5096.9721680    2822.9438477    2699.7504883  
3600.0      5102.6357422    2829.6657715    2700.6149902  
3620.0      5108.2988281    2836.3881836    2701.4794922  
3640.0      5113.9624023    2843.1103516    2702.3437500  
3660.0      5119.6259766    2849.8322754    2703.2082520  
3680.0      5125.2895508    2856.5546875    2704.0727539  
3700.0      5130.9531250    2863.2766113    2704.9372559  
3720.0      5136.6166992    2869.9987793    2705.8017578  
3740.0      5142.2802734    2876.7207031    2706.6660156  
3760.0      5147.9433594    2883.4431152    2707.5305176  
3780.0      5153.6069336    2890.1650391    2708.3950195  
3800.0      5159.2700195    2896.8874512    2709.2592773  
3820.0      5164.9335938    2903.6096191    2710.1237793  
3840.0      5170.5971680    2910.3317871    2710.9882812  
3860.0      5176.2607422    2917.0537109    2711.8525391  
3880.0      5181.9243164    2923.7758789    2712.7170410  
3900.0      5187.5874023    2930.4978027    2713.5815430  
3920.0      5193.2514648    2937.2202148    2714.4460449  
3940.0      5198.9145508    2943.9426270    2715.3105469  
3960.0      5204.5776367    2950.6643066    2716.1748047  
3980.0      5210.2412109    2957.3867188    2717.0393066  
4000.0      5215.9047852    2964.1086426    2717.9038086  
4020.0      5229.9116211    2972.3251953    2718.7680664  
4040.0      5243.9184570    2980.5417480    2719.6325684  
4060.0      5257.9252930    2988.7580566    2720.4970703  
4080.0      5271.9321289    2996.9748535    2721.3613281  
4100.0      5285.9389648    3005.1909180    2722.2258301  
4120.0      5299.9458008    3013.4074707    2723.0903320  
4140.0      5313.9521484    3021.6242676    2723.9545898  
4160.0      5327.9594727    3029.8405762    2724.8193359  
4180.0      5341.9658203    3038.0571289    2725.6835938  
4200.0      5355.9726562    3046.2734375    2726.5478516  
4220.0      5369.9794922    3054.4899902    2727.4123535  
4240.0      5383.9863281    3062.7065430    2728.2768555  
4260.0      5397.9931641    3070.9228516    2729.1413574  
4280.0      5412.0000000    3079.1394043    2730.0058594  
4300.0      5426.0068359    3087.3559570    2730.8701172  
4320.0      5440.0136719    3095.5725098    2731.7346191  
4340.0      5454.0205078    3103.7890625    2732.5991211  
4360.0      5468.0273438    3112.0053711    2733.4633789  
4380.0      5482.0336914    3120.2219238    2734.3278809  
4400.0      5496.0405273    3128.4384766    2735.1923828  
4420.0      5510.0473633    3136.6547852    2736.0566406  
4440.0      5524.0541992    3144.8713379    2736.9211426  
4460.0      5538.0610352    3153.0878906    2737.7856445  
4480.0      5552.0683594    3161.3041992    2738.6501465  
4500.0      5566.0747070    3169.5205078    2739.5144043  
4520.0      5580.5400391    3180.1689453    2740.3789062  
4540.0      5595.0053711    3190.8168945    2741.2434082  
4560.0      5609.4697266    3201.4650879    2742.1079102  
4580.0      5623.9350586    3212.1130371    2742.9721680  
4600.0      5638.4003906    3222.7607422    2743.8366699  
4620.0      5652.8652344    3233.4089355    2744.7011719  
4640.0      5667.3300781    3244.0568848    2745.5654297  
4660.0      5681.7949219    3254.7050781    2746.4299316  
4680.0      5696.2602539    3265.3532715    2747.2944336  
4700.0      5710.7250977    3276.0014648    2748.1586914  
4720.0      5725.1899414    3286.6491699    2749.0231934  
4740.0      5739.6552734    3297.2973633    2749.8876953  
4760.0      5754.1206055    3307.9453125    2750.7521973  
4780.0      5768.5854492    3318.5935059    2751.6166992  
4800.0      5783.0507812    3329.2412109    2752.4809570  
4820.0      5797.5156250    3339.8896484    2753.3454590  
4840.0      5811.9809570    3350.5378418    2754.2099609  
4860.0      5826.4453125    3361.1857910    2755.0742188  
4880.0      5840.9111328    3371.8337402    2755.9387207  
4900.0      5855.3759766    3382.4816895    2756.8032227  
4920.0      5869.8413086    3393.1298828    2757.6677246  
4940.0      5884.3061523    3403.7778320    2758.5322266  
4960.0      5898.7709961    3414.4257812    2759.3964844  
4980.0      5913.2358398    3425.0742188    2760.2607422  
5000.0      5927.7011719    3435.7221680    2761.1252441  
