# CE_14043 -118.32695235 33.93846121
# 
# Depth (m)   Vp (m/s)        Vs(m/s)      Density(kg/m3)
   0.0       638.3299561     207.5549927    1965.7923584  
  20.0      1390.2010498     443.6399841    2084.5126953  
  40.0      1661.5500488     548.0000000    2127.3588867  
  60.0      1630.1192627     588.0000000    2122.3957520  
  80.0      1612.5003662     588.0000000    2119.6137695  
 100.0      1579.5490723     603.4699707    2114.4108887  
 120.0      1541.5612793     627.8599854    2108.4125977  
 140.0      1506.8039551     646.1400146    2102.9243164  
 160.0      1481.6862793     636.8034668    2098.9582520  
 180.0      1470.7685547     630.7717896    2097.2343750  
 200.0      1476.7684326     634.0846558    2098.1816406  
 220.0      1523.7517090     660.1776123    2105.6003418  
 240.0      1568.0040283     684.9932861    2112.5878906  
 260.0      1609.8898926     708.6910400    2119.2016602  
 280.0      1649.7020264     725.3900146    2125.4880371  
 300.0      1687.6801758     725.3900146    2131.4846191  
 320.0      1724.0217285     774.2640381    2137.2231445  
 340.0      1758.8918457     794.5814209    2142.7290039  
 360.0      1792.4318848     814.2455444    2148.0249023  
 380.0      1824.7612305     833.3114014    2153.1298828  
 400.0      1855.9841309     851.8264771    2158.0598145  
 420.0      1886.1907959     869.8334351    2162.8295898  
 440.0      1915.4577637     887.3670654    2167.4506836  
 460.0      1943.8590088     904.4633179    2171.9353027  
 480.0      1971.4515381     921.1482544    2176.2922363  
 500.0      1998.2946777     937.4503784    2180.5307617  
 520.0      2024.4337158     953.3911743    2184.6582031  
 540.0      2049.9152832     968.9928589    2188.6816406  
 560.0      2074.7783203     984.2744751    2192.6074219  
 580.0      2099.0595703     999.2534180    2196.4414062  
 600.0      2234.5971680    1081.0985107    2223.2641602  
 620.0      2244.0959473    1089.3087158    2226.0820312  
 640.0      2253.4138184    1097.4266357    2228.8405762  
 660.0      2262.5600586    1105.4564209    2231.5419922  
 680.0      2271.5432129    1113.4024658    2234.1899414  
 700.0      2280.3710938    1121.2684326    2236.7863770  
 720.0      2289.0510254    1129.0578613    2239.3344727  
 740.0      2297.5895996    1136.7740479    2241.8356934  
 760.0      2305.9934082    1144.4199219    2244.2927246  
 780.0      2314.2678223    1151.9980469    2246.7067871  
 800.0      2322.4191895    1159.5118408    2249.0803223  
 820.0      2330.4516602    1166.9633789    2251.4145508  
 840.0      2338.3701172    1174.3547363    2253.7114258  
 860.0      2346.1796875    1181.6884766    2255.9721680  
 880.0      2353.8837891    1188.9661865    2258.1982422  
 900.0      2361.4870605    1196.1907959    2260.3911133  
 920.0      2368.9926758    1203.3631592    2262.5517578  
 940.0      2376.4042969    1210.4853516    2264.6813965  
 960.0      2383.7248535    1217.5589600    2266.7810059  
 980.0      2390.9584961    1224.5855713    2268.8520508  
1000.0      2398.1074219    1231.5668945    2270.8947754  
1020.0      2405.4194336    1239.5810547    2272.9111328  
1040.0      2412.6516113    1247.5521240    2274.9008789  
1060.0      2419.8073730    1255.4818115    2276.8657227  
1080.0      2426.8884277    1263.3708496    2278.8054199  
1100.0      2433.8981934    1271.2214355    2280.7219238  
1120.0      2440.8383789    1279.0339355    2282.6154785  
1140.0      2447.7099609    1286.8087158    2284.4863281  
1160.0      2454.5158691    1294.5478516    2286.3354492  
1180.0      2461.2578125    1302.2519531    2288.1635742  
1200.0      2467.9384766    1309.9222412    2289.9716797  
1220.0      2474.5581055    1317.5590820    2291.7592773  
1240.0      2481.1191406    1325.1635742    2293.5278320  
1260.0      2487.6225586    1332.7363281    2295.2773438  
1280.0      2494.0708008    1340.2783203    2297.0085449  
1300.0      2500.4643555    1347.7902832    2298.7219238  
1320.0      2506.8046875    1355.2727051    2300.5432129  
1340.0      2513.0939941    1362.7266846    2302.7268066  
1360.0      2519.3327637    1370.1524658    2304.8889160  
1380.0      2525.5227051    1377.5509033    2307.0300293  
1400.0      2531.6645508    1384.9226074    2309.1506348  
1420.0      2537.7597656    1392.2679443    2311.2509766  
1440.0      2543.8090820    1399.5877686    2313.3317871  
1460.0      2549.8142090    1406.8826904    2315.3935547  
1480.0      2555.7753906    1414.1530762    2317.4365234  
1500.0      2561.6940918    1425.1545410    2319.4614258  
1520.0      2570.6762695    1437.6129150    2321.4682617  
1540.0      2579.6181641    1450.0068359    2323.4575195  
1560.0      2588.5197754    1462.3375244    2325.4296875  
1580.0      2597.3828125    1474.6065674    2327.3852539  
1600.0      2606.2070312    1486.8145752    2329.3244629  
1620.0      2614.9938965    1498.9627686    2331.2473145  
1640.0      2623.7446289    1511.0532227    2333.1547852  
1660.0      2632.4589844    1523.0859375    2335.0466309  
1680.0      2641.1381836    1535.0620117    2336.9233398  
1700.0      2650.1245117    1546.9833984    2338.7854004  
1720.0      2666.1276855    1558.8498535    2340.6328125  
1740.0      2682.0412598    1570.6633301    2342.4658203  
1760.0      2697.8662109    1582.4245605    2344.2851562  
1780.0      2713.6044922    1594.1346436    2346.0908203  
1800.0      2729.2573242    1605.7939453    2347.8828125  
1820.0      2744.8266602    1617.4035645    2349.6616211  
1840.0      2760.3139648    1628.9643555    2351.4274902  
1860.0      2775.7209473    1640.4775391    2353.1806641  
1880.0      2791.0480957    1651.9431152    2354.9213867  
1900.0      2806.2978516    1663.3626709    2356.6499023  
1920.0      2821.4711914    1674.7363281    2358.3662109  
1940.0      2836.5693359    1686.0648193    2360.0705566  
1960.0      2851.5947266    1697.3503418    2361.7636719  
1980.0      2866.5451660    1708.5905762    2363.4448242  
2000.0      2881.4255371    1719.7884521    2365.1147461  
2020.0      2900.8125000    1732.4725342    2366.7739258  
2040.0      2920.1298828    1745.1143799    2368.4218750  
2060.0      2939.3793945    1757.7154541    2370.0593262  
2080.0      2958.5622559    1770.2762451    2371.6860352  
2100.0      2977.6794434    1782.7978516    2373.3027344  
2120.0      2996.7314453    1795.2792969    2374.9086914  
2140.0      3015.7202148    1807.7231445    2376.5048828  
2160.0      3034.6459961    1820.1289062    2378.0913086  
2180.0      3053.5107422    1832.4975586    2379.6679688  
2200.0      3072.3142090    1844.8289795    2381.2348633  
2220.0      3091.0578613    1857.1240234    2382.7922363  
2240.0      3109.7419434    1869.3829346    2384.3403320  
2260.0      3128.3686523    1881.6068115    2385.8793945  
2280.0      3146.9377441    1893.7957764    2387.4091797  
2300.0      3165.4506836    1905.9505615    2388.9304199  
2320.0      3183.9082031    1918.0711670    2390.4426270  
2340.0      3202.3105469    1930.1584473    2391.9462891  
2360.0      3220.6584473    1942.2122803    2393.4411621  
2380.0      3238.9538574    1954.2341309    2394.9279785  
2400.0      3257.1965332    1966.2236328    2396.4062500  
2420.0      3275.3874512    1978.1813965    2397.8764648  
2440.0      3295.1145020    1991.2364502    2399.5893555  
2460.0      3332.6281738    2016.9647217    2404.1105957  
2480.0      3369.3574219    2042.1793213    2408.5080566  
2500.0      3405.3603516    2066.9174805    2412.7907715  
2520.0      3432.2717285    2083.5493164    2416.9658203  
2540.0      3458.5480957    2099.7636719    2421.0405273  
2560.0      3484.2309570    2115.5871582    2425.0217285  
2580.0      3509.3547363    2131.0417480    2428.9145508  
2600.0      3533.9519043    2146.1481934    2432.7241211  
2620.0      3558.0524902    2160.9270020    2436.4555664  
2640.0      3581.6833496    2175.3945312    2440.1125488  
2660.0      3604.8696289    2189.5671387    2443.6992188  
2680.0      3627.6379395    2203.4631348    2447.2202148  
2700.0      3650.0012207    2217.0898438    2450.6772461  
2720.0      3671.9843750    2230.4638672    2454.0742188  
2740.0      3693.6059570    2243.5969238    2457.4138184  
2760.0      3714.8784180    2256.4975586    2460.6984863  
2780.0      3735.8200684    2269.1777344    2463.9309082  
2800.0      3756.4462891    2281.6479492    2467.1137695  
2820.0      3776.7658691    2293.9125977    2470.2478027  
2840.0      3796.7956543    2305.9841309    2473.3364258  
2860.0      3816.5461426    2317.8679199    2476.3806152  
2880.0      3836.0263672    2329.5708008    2479.3823242  
2900.0      3855.2504883    2341.1027832    2482.3437500  
2920.0      3874.2260742    2352.4677734    2485.2656250  
2940.0      3892.9577637    2363.6684570    2488.1491699  
2960.0      3911.4621582    2374.7165527    2490.9965820  
2980.0      3929.7443848    2385.6157227    2493.8093262  
3000.0      3947.8054199    2396.3657227    2496.5869141  
3020.0      3963.4819336    2404.5236816    2499.3322754  
3040.0      3978.9560547    2410.3813477    2502.0458984  
3060.0      3994.2329102    2415.4213867    2504.7280273  
3080.0      4009.3220215    2420.3535156    2507.3808594  
3100.0      4024.2277832    2425.1796875    2510.0046387  
3120.0      4038.9562988    2429.9035645    2512.6003418  
3140.0      4053.5114746    2434.5273438    2515.1689453  
3160.0      4067.8994141    2439.0544434    2517.7109375  
3180.0      4082.1250000    2443.4880371    2520.2270508  
3200.0      4096.1914062    2447.8295898    2522.7185059  
3220.0      4110.1044922    2452.0827637    2525.1855469  
3240.0      4123.8681641    2456.2492676    2527.6289062  
3260.0      4137.4853516    2460.3315430    2530.0490723  
3280.0      4150.9614258    2464.3322754    2532.4472656  
3300.0      4164.2978516    2468.2524414    2534.8232422  
3320.0      4177.5004883    2472.0954590    2537.1779785  
3340.0      4190.5712891    2475.8620605    2539.5119629  
3360.0      4203.5136719    2479.5544434    2541.8256836  
3380.0      4216.3325195    2483.1760254    2544.1201172  
3400.0      4229.0258789    2486.7248535    2546.3945312  
3420.0      4241.6030273    2490.2062988    2548.6503906  
3440.0      4254.0605469    2493.6191406    2550.8876953  
3460.0      4266.4052734    2496.9665527    2553.1069336  
3480.0      4278.6376953    2500.2492676    2555.3085938  
3500.0      4290.7612305    2503.4692383    2557.4931641  
3520.0      4313.7758789    2520.4934082    2559.6608887  
3540.0      4336.6850586    2537.4562988    2561.8120117  
3560.0      4359.4926758    2554.3608398    2563.9470215  
3580.0      4382.2001953    2571.2075195    2566.0661621  
3600.0      4404.8085938    2587.9973145    2568.1699219  
3620.0      4427.3217773    2604.7319336    2570.2583008  
3640.0      4449.7402344    2621.4113770    2572.3320312  
3660.0      4482.2910156    2643.9411621    2576.0056152  
3680.0      4520.1303711    2669.5244141    2580.5141602  
3700.0      4557.3505859    2694.7500000    2584.9248047  
3720.0      4593.9848633    2719.6376953    2589.2431641  
3740.0      4630.0688477    2744.2070312    2593.4746094  
3760.0      4665.6308594    2768.4753418    2597.6235352  
3780.0      4700.6948242    2792.4560547    2601.6938477  
3800.0      4735.2866211    2816.1643066    2605.6896973  
3820.0      4769.4287109    2839.6130371    2609.6145020  
3840.0      4803.1430664    2862.8142090    2613.4716797  
3860.0      4836.4462891    2885.7785645    2617.2639160  
3880.0      4302.0556641    2456.7539062    2531.4174805  
3900.0      4314.4951172    2468.6848145    2531.9152832  
3920.0      4326.9345703    2480.6157227    2532.4133301  
3940.0      4339.3745117    2492.5466309    2532.9111328  
3960.0      4351.8134766    2504.4772949    2533.4091797  
3980.0      4364.2529297    2516.4082031    2533.9069824  
4000.0      4376.6923828    2528.3391113    2534.4050293  
4020.0      4387.8217773    2532.6787109    2534.9028320  
4040.0      4398.9501953    2537.0185547    2535.4008789  
4060.0      4410.0795898    2541.3583984    2535.8989258  
4080.0      4421.2084961    2545.6979980    2536.3967285  
4100.0      4432.3369141    2550.0378418    2536.8945312  
4120.0      4443.4663086    2554.3774414    2537.3925781  
4140.0      4454.5952148    2558.7172852    2537.8906250  
4160.0      4465.7236328    2563.0568848    2538.3884277  
4180.0      4476.8525391    2567.3967285    2538.8864746  
4200.0      4487.9814453    2571.7363281    2539.3842773  
4220.0      4499.1108398    2576.0761719    2539.8823242  
4240.0      4510.2392578    2580.4157715    2540.3801270  
4260.0      4521.3686523    2584.7556152    2540.8781738  
4280.0      4532.4975586    2589.0952148    2541.3759766  
4300.0      4543.6259766    2593.4350586    2541.8740234  
4320.0      4554.7553711    2597.7746582    2542.3720703  
4340.0      4565.8842773    2602.1145020    2542.8698730  
4360.0      4577.0126953    2606.4541016    2543.3676758  
4380.0      4588.1416016    2610.7939453    2543.8657227  
4400.0      4599.2709961    2615.1335449    2544.3637695  
4420.0      4610.3999023    2619.4733887    2544.8615723  
4440.0      4621.5283203    2623.8129883    2545.3593750  
4460.0      4632.6572266    2628.1528320    2545.8574219  
4480.0      4643.7866211    2632.4926758    2546.3554688  
4500.0      4654.9150391    2636.8322754    2546.8532715  
4520.0      4665.5424805    2645.2163086    2547.3513184  
4540.0      4676.1694336    2653.6003418    2547.8491211  
4560.0      4686.7958984    2661.9838867    2548.3471680  
4580.0      4697.4228516    2670.3681641    2548.8449707  
4600.0      4708.0498047    2678.7517090    2549.3430176  
4620.0      4718.6767578    2687.1359863    2549.8408203  
4640.0      4729.3032227    2695.5197754    2550.3388672  
4660.0      4739.9306641    2703.9033203    2550.8369141  
4680.0      4750.5571289    2712.2875977    2551.3347168  
4700.0      4761.1845703    2720.6713867    2551.8327637  
4720.0      4771.8115234    2729.0554199    2552.3305664  
4740.0      4782.4379883    2737.4392090    2552.8286133  
4760.0      4793.0649414    2745.8232422    2553.3264160  
4780.0      4803.6918945    2754.2070312    2553.8244629  
4800.0      4814.3188477    2762.5908203    2554.3222656  
4820.0      4824.9458008    2770.9748535    2554.8203125  
4840.0      4835.5722656    2779.3586426    2555.3181152  
4860.0      4846.1992188    2787.7426758    2555.8161621  
4880.0      4856.8261719    2796.1264648    2556.3139648  
4900.0      4867.4531250    2804.5102539    2556.8120117  
4920.0      4878.0795898    2812.8942871    2557.3098145  
4940.0      4888.7070312    2821.2780762    2557.8078613  
4960.0      4899.3334961    2829.6621094    2558.3056641  
4980.0      4909.9609375    2838.0458984    2558.8037109  
5000.0      4920.5874023    2846.4299316    2559.3017578  
