# CI_DLA -118.09620586 33.84820280
# 
# Depth (m)   Vp (m/s)        Vs(m/s)      Density(kg/m3)
   0.0       404.7470093     160.4799957    1928.9095459  
  20.0      1163.5000000     369.9134521    2048.7165527  
  40.0      1299.9000244     416.6700134    2070.2541504  
  60.0      1310.4233398     482.2000122    2071.9157715  
  80.0      1293.8747559     526.3900146    2069.3027344  
 100.0      1274.2664795     559.8800049    2066.2067871  
 120.0      1258.4755859     584.2700195    2063.7133789  
 140.0      1251.6423340     602.5700073    2062.6342773  
 160.0      1257.3498535     515.8772583    2063.5356445  
 180.0      1277.6977539     526.5755005    2066.7485352  
 200.0      1313.3726807     545.4660034    2072.3815918  
 220.0      1355.6450195     568.0669556    2079.0563965  
 240.0      1395.4339600     589.5507812    2085.3391113  
 260.0      1433.0748291     610.0587769    2091.2824707  
 280.0      1468.8353271     629.7053223    2096.9291992  
 300.0      1502.9351807     648.5842896    2102.3134766  
 320.0      1535.5541992     666.7738037    2107.4641113  
 340.0      1566.8427734     684.3392334    2112.4045410  
 360.0      1596.9293213     701.3368530    2117.1552734  
 380.0      1625.9232178     717.8153076    2121.7333984  
 400.0      1653.9182129     733.8158569    2126.1538086  
 420.0      1680.9963379     749.3753662    2130.4291992  
 440.0      1707.2293701     764.5263062    2134.5715332  
 460.0      1732.6795654     779.2963257    2138.5900879  
 480.0      1757.4034424     793.7117310    2142.4941406  
 500.0      1781.4508057     807.7944946    2146.2910156  
 520.0      1804.8662109     821.5656738    2149.9882812  
 540.0      1827.6885986     835.0429688    2153.5920410  
 560.0      1849.9552002     848.2435913    2157.1079102  
 580.0      1871.6982422     861.1826782    2160.5412598  
 600.0      1892.9476318     873.8737793    2163.8964844  
 620.0      1913.7307129     886.3302612    2167.1782227  
 640.0      1934.0710449     898.5625610    2170.3898926  
 660.0      1953.9927979     910.5824585    2173.5354004  
 680.0      1973.5163574     922.3995972    2176.6181641  
 700.0      1992.6604004     934.0229492    2179.6411133  
 720.0      2011.4450684     945.4620361    2182.6071777  
 740.0      2029.8842773     956.7233276    2185.5187988  
 760.0      2047.9945068     967.8147583    2188.3784180  
 780.0      2065.7900391     978.7433472    2191.1882324  
 800.0      2083.2834473     989.5151367    2193.9504395  
 820.0      2115.6032715    1069.0739746    2220.5568848  
 840.0      2127.3105469    1076.4637451    2222.6118164  
 860.0      2138.9199219    1083.8039551    2224.6345215  
 880.0      2150.4348145    1091.0960693    2226.6259766  
 900.0      2161.8583984    1098.3415527    2228.5874023  
 920.0      2173.1955566    1105.5427246    2230.5202637  
 940.0      2184.4477539    1112.7003174    2232.4252930  
 960.0      2195.6186523    1119.8160400    2234.3032227  
 980.0      2206.7116699    1126.8918457    2236.1560059  
1000.0      2217.7280273    1133.9274902    2237.9829102  
1020.0      2229.3325195    1142.2968750    2239.7858887  
1040.0      2240.8662109    1150.6293945    2241.5656738  
1060.0      2252.3312988    1158.9262695    2243.3227539  
1080.0      2263.7294922    1167.1879883    2245.0576172  
1100.0      2275.0629883    1175.4160156    2246.7712402  
1120.0      2286.3339844    1183.6115723    2248.4645996  
1140.0      2297.5444336    1191.7751465    2250.1376953  
1160.0      2308.6955566    1199.9073486    2251.7910156  
1180.0      2319.7900391    1208.0102539    2253.4260254  
1200.0      2330.8286133    1216.0828857    2255.0422363  
1220.0      2341.8129883    1224.1271973    2256.6408691  
1240.0      2352.7443848    1232.1435547    2258.2221680  
1260.0      2363.6250000    1240.1328125    2259.7863770  
1280.0      2374.4555664    1248.0950928    2261.3342285  
1300.0      2385.2370605    1256.0318604    2262.8659668  
1320.0      2395.9716797    1263.9431152    2264.3818359  
1340.0      2406.6601562    1271.8297119    2265.8830566  
1360.0      2417.3032227    1279.6922607    2267.3691406  
1380.0      2427.9025879    1287.5310059    2268.8405762  
1400.0      2438.4587402    1295.3468018    2270.2980957  
1420.0      2448.9733887    1303.1400146    2271.7416992  
1440.0      2459.4472656    1310.9113770    2273.1718750  
1460.0      2469.8806152    1318.6608887    2274.5888672  
1480.0      2480.2751465    1326.3894043    2275.9926758  
1500.0      2490.6318359    1334.0974121    2277.3842773  
1520.0      2501.7834473    1341.7342529    2278.7636719  
1540.0      2512.8981934    1349.3514404    2280.1303711  
1560.0      2523.9777832    1356.9492188    2281.4860840  
1580.0      2535.0219727    1364.5278320    2282.8298340  
1600.0      2546.0319824    1372.0878906    2284.1623535  
1620.0      2557.0085449    1379.6296387    2285.4838867  
1640.0      2567.9523926    1387.1534424    2286.7946777  
1660.0      2578.8645020    1394.6595459    2288.0947266  
1680.0      2589.7441406    1402.1481934    2289.3842773  
1700.0      2600.5932617    1409.6198730    2290.6638184  
1720.0      2611.4121094    1417.0748291    2291.9331055  
1740.0      2622.2011719    1424.5135498    2293.1928711  
1760.0      2632.9614258    1431.9361572    2294.4428711  
1780.0      2643.6926270    1439.3430176    2295.6835938  
1800.0      2654.3957520    1446.7338867    2296.9147949  
1820.0      2665.0717773    1454.1102295    2298.1372070  
1840.0      2675.7204590    1461.4710693    2299.3505859  
1860.0      2686.3427734    1468.8172607    2300.7221680  
1880.0      2696.9384766    1476.1490479    2302.2778320  
1900.0      2707.5092773    1483.4664307    2303.8222656  
1920.0      2718.0544434    1490.7697754    2305.3562012  
1940.0      2728.5751953    1498.0594482    2306.8796387  
1960.0      2739.0712891    1505.3352051    2308.3923340  
1980.0      2749.5434570    1512.5979004    2309.8950195  
2000.0      2759.9919434    1519.8471680    2311.3872070  
2020.0      2772.0568848    1528.6072998    2312.8701172  
2040.0      2784.0986328    1537.3542480    2314.3427734  
2060.0      2796.1171875    1546.0885010    2315.8059082  
2080.0      2808.1149902    1554.8106689    2317.2597656  
2100.0      2820.0905762    1565.1823730    2318.7043457  
2120.0      2832.0449219    1577.8500977    2320.1396484  
2140.0      2843.9785156    1590.4859619    2321.5664062  
2160.0      2855.8908691    1603.0874023    2322.9836426  
2180.0      2867.7834473    1615.6574707    2324.3925781  
2200.0      2879.6552734    1628.1956787    2325.7927246  
2220.0      2891.5080566    1640.7023926    2327.1843262  
2240.0      2903.3413086    1653.1784668    2328.5678711  
2260.0      2915.1550293    1665.6232910    2329.9428711  
2280.0      2926.9504395    1678.0399170    2331.3103027  
2300.0      2938.7272949    1690.4256592    2332.6694336  
2320.0      2950.4853516    1702.7824707    2334.0207520  
2340.0      2962.2255859    1715.1101074    2335.3642578  
2360.0      2973.9479980    1727.4095459    2336.7001953  
2380.0      2985.6533203    1739.6818848    2338.0288086  
2400.0      2999.9394531    1751.9245605    2339.3493652  
2420.0      3016.8674316    1764.1411133    2340.6630859  
2440.0      3033.7487793    1776.3304443    2341.9697266  
2460.0      3050.5854492    1788.4931641    2343.2690430  
2480.0      3067.3774414    1800.6293945    2344.5612793  
2500.0      3084.1254883    1812.7397461    2345.8466797  
2520.0      3097.2819824    1820.5485840    2347.1252441  
2540.0      3110.3950195    1828.3315430    2348.3969727  
2560.0      3123.4655762    1836.0894775    2349.6621094  
2580.0      3136.4951172    1843.8229980    2350.9206543  
2600.0      3149.4836426    1851.5321045    2352.1728516  
2620.0      3162.4311523    1859.2169189    2353.4184570  
2640.0      3175.3388672    1866.8776855    2354.6577148  
2660.0      3188.2065430    1874.5148926    2355.8908691  
2680.0      3201.0363770    1882.1293945    2357.1179199  
2700.0      3213.8266602    1889.7203369    2358.3388672  
2720.0      3226.5791016    1897.2884521    2359.5537109  
2740.0      3239.2939453    1904.8339844    2360.7624512  
2760.0      3251.9721680    1912.3579102    2361.9655762  
2780.0      3264.6130371    1919.8593750    2363.1628418  
2800.0      3277.2177734    1927.3391113    2364.3544922  
2820.0      3289.7868652    1934.7973633    2365.5402832  
2840.0      3302.3200684    1942.2341309    2366.7204590  
2860.0      3314.8183594    1949.6499023    2367.8952637  
2880.0      3327.2822266    1957.0449219    2369.0644531  
2900.0      3339.7119141    1964.4195557    2370.2285156  
2920.0      3352.1083984    1971.7736816    2371.3869629  
2940.0      3364.4702148    1979.1075439    2372.5402832  
2960.0      3376.7995605    1986.4213867    2373.6882324  
2980.0      3389.0966797    1993.7154541    2374.8310547  
3000.0      3401.3610840    2000.9906006    2375.9689941  
3020.0      3413.4685059    2007.9986572    2377.1015625  
3040.0      3425.5446777    2014.9880371    2378.2294922  
3060.0      3437.5891113    2021.9581299    2379.3522949  
3080.0      3449.6032715    2028.9099121    2380.4702148  
3100.0      3461.5869141    2035.8433838    2381.5834961  
3120.0      3473.5397949    2042.7575684    2382.6916504  
3140.0      3485.4628906    2049.6542969    2383.7954102  
3160.0      3497.3562012    2056.5322266    2384.8940430  
3180.0      3509.2207031    2063.3933105    2385.9885254  
3200.0      3521.0559082    2070.2360840    2387.0781250  
3220.0      3532.8623047    2077.0617676    2388.1635742  
3240.0      3544.6408691    2083.8698730    2389.2441406  
3260.0      3556.3911133    2090.6611328    2390.3205566  
3280.0      3568.1127930    2097.4350586    2391.3923340  
3300.0      3579.8073730    2104.1921387    2392.4599609  
3320.0      3591.4750977    2110.9328613    2393.5231934  
3340.0      3603.1154785    2117.6567383    2394.5820312  
3360.0      3614.7290039    2124.3642578    2395.6367188  
3380.0      3626.3168945    2131.0561523    2396.6875000  
3400.0      3637.8776855    2137.7312012    2397.7338867  
3420.0      3649.4130859    2144.3911133    2398.7763672  
3440.0      3660.9223633    2151.0346680    2399.8144531  
3460.0      3672.4067383    2157.6630859    2400.8488770  
3480.0      3683.8654785    2164.2753906    2401.8791504  
3500.0      3695.2993164    2170.8728027    2402.9055176  
3520.0      3704.9155273    2175.8730469    2403.9279785  
3540.0      3714.5063477    2180.8576660    2404.9465332  
3560.0      3724.0734863    2185.8278809    2405.9614258  
3580.0      3733.6166992    2190.7827148    2406.9721680  
3600.0      3743.1359863    2195.7233887    2407.9794922  
3620.0      3752.6328125    2200.6501465    2408.9831543  
3640.0      3762.1037598    2205.5607910    2409.9829102  
3660.0      3771.5529785    2210.4580078    2410.9790039  
3680.0      3780.9804688    2215.3417969    2411.9716797  
3700.0      3790.3828125    2220.2099609    2412.9604492  
3720.0      3799.7648926    2225.0656738    2413.9460449  
3740.0      3809.1218262    2229.9055176    2414.9274902  
3760.0      3818.4589844    2234.7333984    2415.9060059  
3780.0      3827.7749023    2239.5480957    2416.8811035  
3800.0      3837.0664062    2244.3474121    2417.8522949  
3820.0      3846.3393555    2249.1357422    2418.8208008  
3840.0      3855.5893555    2253.9094238    2419.7854004  
3860.0      3864.8164062    2258.6689453    2420.7465820  
3880.0      3874.0253906    2263.4169922    2421.7045898  
3900.0      3883.2111816    2268.1506348    2422.6591797  
3920.0      3892.3776855    2272.8725586    2423.6108398  
3940.0      3901.5234375    2277.5812988    2424.5590820  
3960.0      3910.6491699    2282.2775879    2425.5041504  
3980.0      3919.7546387    2286.9614258    2426.4460449  
4000.0      3928.8398438    2291.6323242    2427.3847656  
4020.0      3940.9262695    2297.6828613    2428.3203125  
4040.0      3952.9931641    2303.7209473    2429.2529297  
4060.0      3965.0410156    2309.7473145    2430.1823730  
4080.0      3977.0688477    2315.7607422    2431.1086426  
4100.0      3989.0773926    2321.7624512    2432.0319824  
4120.0      4001.0673828    2327.7521973    2432.9523926  
4140.0      4013.0385742    2333.7302246    2433.8696289  
4160.0      4024.9909668    2339.6970215    2434.7841797  
4180.0      4036.9245605    2345.6516113    2435.6958008  
4200.0      4048.8400879    2351.5952148    2436.6044922  
4220.0      4060.7373047    2357.5266113    2437.5100098  
4240.0      4072.6166992    2363.4475098    2438.4130859  
4260.0      4084.4780273    2369.3566895    2439.3129883  
4280.0      4096.3212891    2375.2543945    2440.2102051  
4300.0      4108.1469727    2381.1416016    2441.1047363  
4320.0      4119.9550781    2387.0170898    2441.9963379  
4340.0      4131.7456055    2392.8815918    2442.8852539  
4360.0      4143.5195312    2398.7360840    2443.7714844  
4380.0      4155.2758789    2404.5793457    2444.6550293  
4400.0      4167.0151367    2410.4116211    2445.5358887  
4420.0      4178.7382812    2416.2338867    2446.4140625  
4440.0      4190.4438477    2422.0449219    2447.2895508  
4460.0      4202.1328125    2427.8457031    2448.1623535  
4480.0      4213.8056641    2433.6362305    2449.0327148  
4500.0      4225.4614258    2439.4160156    2449.9003906  
4520.0      4232.1914062    2442.1411133    2450.7656250  
4540.0      4238.9047852    2444.8564453    2451.6281738  
4560.0      4245.6020508    2447.5605469    2452.4880371  
4580.0      4252.2841797    2450.2556152    2453.3457031  
4600.0      4258.9497070    2452.9404297    2454.2006836  
4620.0      4265.6000977    2455.6149902    2455.0532227  
4640.0      4272.2343750    2458.2800293    2455.9033203  
4660.0      4278.8535156    2460.9350586    2456.7509766  
4680.0      4285.4580078    2463.5803223    2457.5961914  
4700.0      4292.0458984    2466.2163086    2458.4392090  
4720.0      4298.6201172    2468.8425293    2459.2797852  
4740.0      4305.1787109    2471.4592285    2460.1176758  
4760.0      4311.7216797    2474.0661621    2460.9533691  
4780.0      4318.2504883    2476.6635742    2461.7868652  
4800.0      4324.7641602    2479.2519531    2462.6179199  
4820.0      4331.2641602    2481.8310547    2463.4467773  
4840.0      4358.5903320    2499.6882324    2467.5639648  
4860.0      4386.6557617    2518.1232910    2471.7980957  
4880.0      4414.0087891    2536.0688477    2475.9196777  
4900.0      4440.6948242    2553.5554199    2479.9357910  
4920.0      4466.7495117    2570.6076660    2483.8525391  
4940.0      4492.2197266    2587.2563477    2487.6767578  
4960.0      4517.1342773    2603.5214844    2491.4130859  
4980.0      4541.5258789    2619.4252930    2495.0671387  
5000.0      4565.4228516    2634.9863281    2498.6430664  
