# CE_24945 -118.25531494 34.16322563
# 
# Depth (m)   Vp (m/s)        Vs(m/s)      Density(kg/m3)
   0.0       474.3919983     225.0585938    1939.9064941  
  20.0      1333.8100586     475.3777161    2075.6086426  
  40.0      2149.9572754     676.6229858    2204.4782715  
  60.0      2137.8808594     841.2069702    2202.5712891  
  80.0      2110.6867676     959.2169800    2198.2773438  
 100.0      2075.8466797     984.9322510    2192.7761230  
 120.0      2039.1232910     962.3777466    2186.9775391  
 140.0      2005.1267090     941.6105957    2181.6096191  
 160.0      1977.4802246     924.8035278    2177.2441406  
 180.0      1958.8660889     913.5286865    2174.3049316  
 200.0      2370.5822754    1212.2136230    2259.8237305  
 220.0      2359.9143066    1207.6075439    2260.9975586  
 240.0      2342.8596191    1198.9975586    2260.0656738  
 260.0      2321.0388184    1187.4069824    2257.5617676  
 280.0      2295.4838867    1173.5025635    2253.8269043  
 300.0      2234.6196289    1137.8637695    2238.4484863  
 320.0      2362.3598633    1220.1358643    2285.2626953  
 340.0      2438.2241211    1275.7170410    2319.4729004  
 360.0      2538.5061035    1400.1665039    2349.7028809  
 380.0      2687.1918945    1506.8884277    2375.4270020  
 400.0      2818.0224609    1602.5107422    2398.3317871  
 420.0      2936.6298828    1690.5598145    2419.3066406  
 440.0      3046.3552246    1773.1398926    2438.8789062  
 460.0      3149.3486328    1851.6114502    2457.3881836  
 480.0      3247.0761719    1926.9050293    2475.0659180  
 500.0      4866.1914062    2907.5395508    2732.9709473  
 520.0      4867.3471680    2910.5649414    2732.9709473  
 540.0      4868.5029297    2913.5903320    2732.9709473  
 560.0      4869.6586914    2916.6157227    2732.9709473  
 580.0      4870.8144531    2919.6411133    2732.9709473  
 600.0      4871.9702148    2922.6665039    2732.9709473  
 620.0      4873.1259766    2925.6916504    2732.9709473  
 640.0      4874.2817383    2928.7170410    2732.9709473  
 660.0      4875.4375000    2931.7424316    2732.9709473  
 680.0      4876.5932617    2934.7678223    2732.9709473  
 700.0      4877.7490234    2937.7932129    2732.9709473  
 720.0      4878.9047852    2940.8186035    2732.9709473  
 740.0      4880.0605469    2943.8439941    2732.9709473  
 760.0      4881.2163086    2946.8693848    2732.9709473  
 780.0      4882.3720703    2949.8947754    2732.9709473  
 800.0      4883.5278320    2952.9199219    2732.9709473  
 820.0      4884.6835938    2955.9453125    2732.9709473  
 840.0      4885.8393555    2958.9707031    2732.9709473  
 860.0      4886.9951172    2961.9960938    2732.9709473  
 880.0      4888.1508789    2965.0214844    2732.9709473  
 900.0      4889.3066406    2968.0468750    2732.9709473  
 920.0      4890.4624023    2971.0722656    2732.9709473  
 940.0      4891.6181641    2974.0976562    2732.9709473  
 960.0      4892.7739258    2977.1230469    2732.9709473  
 980.0      4893.9296875    2980.1484375    2732.9709473  
1000.0      4895.0937500    2983.1801758    2732.9721680  
1020.0      4901.0322266    2989.1132812    2733.0795898  
1040.0      4906.9716797    2995.0468750    2733.1870117  
1060.0      4912.9106445    3000.9797363    2733.2944336  
1080.0      4918.8500977    3006.9130859    2733.4018555  
1100.0      4924.7890625    3012.8464355    2733.5092773  
1120.0      4930.7280273    3018.7795410    2733.6166992  
1140.0      4936.6669922    3024.7124023    2733.7241211  
1160.0      4942.6059570    3030.6457520    2733.8315430  
1180.0      4948.5454102    3036.5788574    2733.9389648  
1200.0      4954.4838867    3042.5122070    2734.0463867  
1220.0      4960.4233398    3048.4453125    2734.1538086  
1240.0      4966.3618164    3054.3786621    2734.2609863  
1260.0      4972.3012695    3060.3115234    2734.3686523  
1280.0      4978.2402344    3066.2446289    2734.4758301  
1300.0      4984.1787109    3072.1777344    2734.5832520  
1320.0      4990.1181641    3078.1110840    2734.6906738  
1340.0      4996.0571289    3084.0441895    2734.7980957  
1360.0      5001.9960938    3089.9772949    2734.9055176  
1380.0      5007.9350586    3095.9101562    2735.0129395  
1400.0      5013.8740234    3101.8437500    2735.1203613  
1420.0      5019.8129883    3107.7768555    2735.2277832  
1440.0      5025.7524414    3113.7099609    2735.3352051  
1460.0      5031.6909180    3119.6430664    2735.4423828  
1480.0      5037.6303711    3125.5761719    2735.5500488  
1500.0      5043.5693359    3131.5095215    2735.6574707  
1520.0      5047.4731445    3134.2485352    2735.7646484  
1540.0      5051.3764648    3136.9877930    2735.8720703  
1560.0      5055.2802734    3139.7275391    2735.9794922  
1580.0      5059.1840820    3142.4670410    2736.0871582  
1600.0      5063.0869141    3145.2058105    2736.1943359  
1620.0      5066.9912109    3147.9453125    2736.3017578  
1640.0      5070.8945312    3150.6845703    2736.4091797  
1660.0      5074.7983398    3153.4240723    2736.5166016  
1680.0      5078.7016602    3156.1633301    2736.6240234  
1700.0      5082.6054688    3158.9028320    2736.7314453  
1720.0      5086.5087891    3161.6420898    2736.8388672  
1740.0      5090.4125977    3164.3813477    2736.9462891  
1760.0      5094.3159180    3167.1203613    2737.0537109  
1780.0      5098.2197266    3169.8598633    2737.1611328  
1800.0      5102.1230469    3172.5996094    2737.2685547  
1820.0      5106.0268555    3175.3386230    2737.3759766  
1840.0      5109.9306641    3178.0778809    2737.4833984  
1860.0      5113.8339844    3180.8171387    2737.5908203  
1880.0      5117.7373047    3183.5566406    2737.6982422  
1900.0      5121.6411133    3186.2958984    2737.8056641  
1920.0      5125.5439453    3189.0351562    2737.9128418  
1940.0      5129.4487305    3191.7746582    2738.0205078  
1960.0      5133.3520508    3194.5141602    2738.1279297  
1980.0      5137.2558594    3197.2531738    2738.2353516  
2000.0      5141.1591797    3199.9924316    2738.3425293  
2020.0      5145.0190430    3202.6982422    2738.4499512  
2040.0      5148.8789062    3205.4035645    2738.5573730  
2060.0      5152.7382812    3208.1091309    2738.6647949  
2080.0      5156.5981445    3210.8144531    2738.7722168  
2100.0      5160.4580078    3213.5197754    2738.8796387  
2120.0      5164.3173828    3216.2253418    2738.9870605  
2140.0      5168.1777344    3218.9306641    2739.0944824  
2160.0      5172.0375977    3221.6362305    2739.2019043  
2180.0      5175.8974609    3224.3415527    2739.3093262  
2200.0      5179.7568359    3227.0476074    2739.4167480  
2220.0      5183.6166992    3229.7526855    2739.5241699  
2240.0      5187.4765625    3232.4580078    2739.6313477  
2260.0      5191.3364258    3235.1635742    2739.7387695  
2280.0      5195.1962891    3237.8693848    2739.8464355  
2300.0      5199.0556641    3240.5742188    2739.9536133  
2320.0      5202.9160156    3243.2800293    2740.0610352  
2340.0      5206.7753906    3245.9855957    2740.1684570  
2360.0      5210.6352539    3248.6911621    2740.2758789  
2380.0      5214.4951172    3251.3962402    2740.3833008  
2400.0      5218.3549805    3254.1020508    2740.4907227  
2420.0      5222.2138672    3256.8073730    2740.5981445  
2440.0      5226.0747070    3259.5129395    2740.7055664  
2460.0      5229.9340820    3262.2182617    2740.8129883  
2480.0      5233.7939453    3264.9238281    2740.9204102  
2500.0      5237.6538086    3267.6291504    2741.0278320  
2520.0      5239.4462891    3267.5270996    2741.1352539  
2540.0      5241.2382812    3267.4250488    2741.2426758  
2560.0      5243.0307617    3267.3225098    2741.3500977  
2580.0      5244.8232422    3267.2204590    2741.4575195  
2600.0      5246.6157227    3267.1184082    2741.5649414  
2620.0      5248.4077148    3267.0158691    2741.6723633  
2640.0      5250.1997070    3266.9140625    2741.7797852  
2660.0      5251.9921875    3266.8117676    2741.8869629  
2680.0      5253.7846680    3266.7099609    2741.9946289  
2700.0      5255.5771484    3266.6076660    2742.1020508  
2720.0      5257.3691406    3266.5053711    2742.2092285  
2740.0      5259.1621094    3266.4033203    2742.3168945  
2760.0      5260.9541016    3266.3010254    2742.4240723  
2780.0      5262.7460938    3266.1987305    2742.5314941  
2800.0      5264.5385742    3266.0966797    2742.6389160  
2820.0      5266.3310547    3265.9943848    2742.7463379  
2840.0      5268.1230469    3265.8920898    2742.8537598  
2860.0      5269.9155273    3265.7902832    2742.9611816  
2880.0      5271.7080078    3265.6877441    2743.0686035  
2900.0      5273.5000000    3265.5859375    2743.1760254  
2920.0      5275.2924805    3265.4836426    2743.2834473  
2940.0      5277.0849609    3265.3813477    2743.3908691  
2960.0      5278.8769531    3265.2790527    2743.4980469  
2980.0      5280.6694336    3265.1770020    2743.6054688  
3000.0      5282.4619141    3265.0747070    2743.7131348  
3020.0      5284.1625977    3264.7343750    2743.8203125  
3040.0      5285.8637695    3264.3945312    2743.9277344  
3060.0      5287.5649414    3264.0541992    2744.0351562  
3080.0      5289.2661133    3263.7138672    2744.1425781  
3100.0      5290.9667969    3263.3735352    2744.2500000  
3120.0      5292.6679688    3263.0332031    2744.3574219  
3140.0      5294.3691406    3262.6928711    2744.4648438  
3160.0      5296.0698242    3262.3525391    2744.5722656  
3180.0      5297.7709961    3262.0122070    2744.6796875  
3200.0      5299.4716797    3261.6718750    2744.7871094  
3220.0      5301.1733398    3261.3315430    2744.8945312  
3240.0      5302.8740234    3260.9914551    2745.0019531  
3260.0      5304.5751953    3260.6508789    2745.1093750  
3280.0      5306.2758789    3260.3107910    2745.2167969  
3300.0      5307.9770508    3259.9704590    2745.3242188  
3320.0      5309.6782227    3259.6303711    2745.4316406  
3340.0      5311.3789062    3259.2900391    2745.5390625  
3360.0      5313.0805664    3258.9497070    2745.6464844  
3380.0      5314.7812500    3258.6093750    2745.7539062  
3400.0      5316.4824219    3258.2692871    2745.8613281  
3420.0      5318.1831055    3257.9289551    2745.9687500  
3440.0      5319.8842773    3257.5886230    2746.0759277  
3460.0      5321.5849609    3257.2482910    2746.1833496  
3480.0      5323.2861328    3256.9079590    2746.2907715  
3500.0      5324.9877930    3256.5676270    2746.3984375  
3520.0      5325.6870117    3255.5986328    2746.5056152  
3540.0      5326.3862305    3254.6296387    2746.6130371  
3560.0      5327.0859375    3253.6608887    2746.7204590  
3580.0      5327.7856445    3252.6918945    2746.8278809  
3600.0      5328.4853516    3251.7229004    2746.9353027  
3620.0      5329.1845703    3250.7541504    2747.0427246  
3640.0      5329.8842773    3249.7851562    2747.1501465  
3660.0      5330.5834961    3248.8161621    2747.2575684  
3680.0      5331.2836914    3247.8474121    2747.3649902  
3700.0      5331.9829102    3246.8786621    2747.4724121  
3720.0      5332.6826172    3245.9094238    2747.5798340  
3740.0      5333.3823242    3244.9406738    2747.6872559  
3760.0      5334.0815430    3243.9714355    2747.7944336  
3780.0      5334.7812500    3243.0026855    2747.9018555  
3800.0      5335.4804688    3242.0339355    2748.0092773  
3820.0      5336.1801758    3241.0649414    2748.1166992  
3840.0      5336.8798828    3240.0959473    2748.2241211  
3860.0      5337.5795898    3239.1271973    2748.3315430  
3880.0      5338.2788086    3238.1579590    2748.4389648  
3900.0      5338.9785156    3237.1889648    2748.5463867  
3920.0      5339.6777344    3236.2202148    2748.6538086  
3940.0      5340.3779297    3235.2514648    2748.7612305  
3960.0      5341.0776367    3234.2824707    2748.8686523  
3980.0      5341.7768555    3233.3134766    2748.9760742  
4000.0      5342.4765625    3232.3447266    2749.0834961  
4020.0      5343.8793945    3231.9365234    2749.1909180  
4040.0      5345.2827148    3231.5278320    2749.2983398  
4060.0      5346.6855469    3231.1193848    2749.4057617  
4080.0      5348.0888672    3230.7114258    2749.5131836  
4100.0      5349.4912109    3230.3029785    2749.6203613  
4120.0      5350.8950195    3229.8947754    2749.7280273  
4140.0      5352.2978516    3229.4863281    2749.8354492  
4160.0      5353.7011719    3229.0778809    2749.9426270  
4180.0      5355.1040039    3228.6696777    2750.0500488  
4200.0      5356.5068359    3228.2612305    2750.1574707  
4220.0      5357.9106445    3227.8527832    2750.2651367  
4240.0      5359.3129883    3227.4445801    2750.3723145  
4260.0      5360.7158203    3227.0361328    2750.4797363  
4280.0      5362.1196289    3226.6279297    2750.5871582  
4300.0      5363.5224609    3226.2197266    2750.6945801  
4320.0      5364.9257812    3225.8110352    2750.8020020  
4340.0      5366.3291016    3225.4028320    2750.9094238  
4360.0      5367.7314453    3224.9946289    2751.0168457  
4380.0      5369.1352539    3224.5861816    2751.1242676  
4400.0      5370.5380859    3224.1779785    2751.2316895  
4420.0      5371.9409180    3223.7697754    2751.3388672  
4440.0      5373.3442383    3223.3613281    2751.4465332  
4460.0      5374.7470703    3222.9531250    2751.5539551  
4480.0      5376.1503906    3222.5446777    2751.6611328  
4500.0      5377.5532227    3222.1362305    2751.7685547  
4520.0      5381.4350586    3224.1591797    2751.8762207  
4540.0      5385.3168945    3226.1821289    2751.9833984  
4560.0      5389.1982422    3228.2050781    2752.0908203  
4580.0      5393.0791016    3230.2280273    2752.1982422  
4600.0      5396.9609375    3232.2509766    2752.3056641  
4620.0      5400.8427734    3234.2736816    2752.4130859  
4640.0      5404.7241211    3236.2968750    2752.5205078  
4660.0      5408.6054688    3238.3198242    2752.6279297  
4680.0      5412.4873047    3240.3427734    2752.7353516  
4700.0      5416.3686523    3242.3654785    2752.8427734  
4720.0      5420.2504883    3244.3886719    2752.9501953  
4740.0      5424.1313477    3246.4116211    2753.0576172  
4760.0      5428.0131836    3248.4345703    2753.1650391  
4780.0      5431.8945312    3250.4572754    2753.2724609  
4800.0      5435.7763672    3252.4802246    2753.3798828  
4820.0      5439.6577148    3254.5031738    2753.4873047  
4840.0      5443.5390625    3256.5261230    2753.5947266  
4860.0      5447.4208984    3258.5490723    2753.7021484  
4880.0      5451.3017578    3260.5722656    2753.8093262  
4900.0      5455.1840820    3262.5952148    2753.9169922  
4920.0      5459.0649414    3264.6176758    2754.0241699  
4940.0      5462.9467773    3266.6406250    2754.1318359  
4960.0      5466.8281250    3268.6635742    2754.2390137  
4980.0      5470.7099609    3270.6867676    2754.3464355  
5000.0      5474.5913086    3272.7097168    2754.4538574  
