# CE_14834 -118.32675477 33.92181335
# 
# Depth (m)   Vp (m/s)        Vs(m/s)      Density(kg/m3)
   0.0       638.3299561     207.5549927    1965.7923584  
  20.0      1390.2010498     443.6399841    2084.5126953  
  40.0      1661.5500488     548.0000000    2127.3588867  
  60.0      1630.1214600     588.0000000    2122.3962402  
  80.0      1612.5849609     588.0000000    2119.6271973  
 100.0      1579.8544922     603.4699707    2114.4589844  
 120.0      1542.2386475     627.8599854    2108.5195312  
 140.0      1508.0032959     646.1400146    2103.1137695  
 160.0      1483.5450439     637.8317871    2099.2517090  
 180.0      1473.4016113     632.2251587    2097.6501465  
 200.0      1480.2575684     636.0134277    2098.7326660  
 220.0      1527.3615723     662.1933594    2106.1704102  
 240.0      1571.7271729     687.0914917    2113.1757812  
 260.0      1613.7198486     710.8679199    2119.8063965  
 280.0      1653.6331787     725.3900146    2126.1086426  
 300.0      1691.7072754     725.3900146    2132.1206055  
 320.0      1728.1408691     776.6572876    2137.8735352  
 340.0      1763.0992432     797.0415649    2143.3933105  
 360.0      1796.7235107     816.7702637    2148.7026367  
 380.0      1829.1337891     835.8983154    2153.8203125  
 400.0      1860.4350586     854.4739990    2158.7626953  
 420.0      1890.7166748     872.5392456    2163.5441895  
 440.0      1920.0584717     890.1312256    2168.1772461  
 460.0      1948.5292969     907.2822876    2172.6728516  
 480.0      1976.1920166     924.0220947    2177.0407715  
 500.0      2003.1008301     940.3764648    2181.2895508  
 520.0      2029.3060303     956.3696289    2185.4274902  
 540.0      2054.8503418     972.0215454    2189.4609375  
 560.0      2079.7753906     987.3525391    2193.3964844  
 580.0      2179.2543945    1041.9671631    2220.9973145  
 600.0      2188.9638672    1050.1569824    2223.8854980  
 620.0      2198.4812012    1058.2493896    2226.7102051  
 640.0      2207.8176270    1066.2490234    2229.4753418  
 660.0      2216.9816895    1074.1606445    2232.1838379  
 680.0      2225.9824219    1081.9877930    2234.8381348  
 700.0      2234.8278809    1089.7349854    2237.4411621  
 720.0      2243.5239258    1097.4050293    2239.9953613  
 740.0      2252.0788574    1105.0015869    2242.5029297  
 760.0      2260.4985352    1112.5278320    2244.9655762  
 780.0      2268.7890625    1119.9862061    2247.3857422  
 800.0      2276.9560547    1127.3798828    2249.7651367  
 820.0      2285.0031738    1134.7105713    2252.1052246  
 840.0      2292.9367676    1141.9816895    2254.4079590  
 860.0      2300.7607422    1149.1944580    2256.6740723  
 880.0      2308.4792480    1156.3515625    2258.9060059  
 900.0      2316.0966797    1163.4548340    2261.1042480  
 920.0      2323.6157227    1170.5057373    2263.2700195  
 940.0      2331.0410156    1177.5065918    2265.4050293  
 960.0      2338.3747559    1184.4583740    2267.5097656  
 980.0      2345.6218262    1191.3632812    2269.5859375  
1000.0      2352.7836914    1198.2230225    2271.6340332  
1020.0      2360.0695801    1206.0153809    2273.6547852  
1040.0      2367.2758789    1213.7650146    2275.6496582  
1060.0      2374.4057617    1221.4731445    2277.6191406  
1080.0      2381.4611816    1229.1408691    2279.5639648  
1100.0      2388.4445801    1236.7695312    2281.4851074  
1120.0      2395.3576660    1244.3594971    2283.3830566  
1140.0      2402.2028809    1251.9128418    2285.2585449  
1160.0      2408.9819336    1259.4295654    2287.1123047  
1180.0      2415.6972656    1266.9116211    2288.9453125  
1200.0      2422.3505859    1274.3594971    2290.7575684  
1220.0      2428.9428711    1281.7736816    2292.5495605  
1240.0      2435.4760742    1289.1552734    2294.3222656  
1260.0      2441.9516602    1296.5053711    2296.0761719  
1280.0      2448.3720703    1303.8245850    2297.8117676  
1300.0      2454.7377930    1311.1135254    2299.5290527  
1320.0      2461.0505371    1318.3728027    2301.5986328  
1340.0      2467.3115234    1325.6037598    2303.7878418  
1360.0      2473.5219727    1332.8061523    2305.9550781  
1380.0      2479.6833496    1339.9812012    2308.1015625  
1400.0      2485.7968750    1347.1293945    2310.2270508  
1420.0      2491.8632812    1354.2513428    2312.3327637  
1440.0      2497.8840332    1361.3477783    2314.4187012  
1460.0      2503.8601074    1368.4189453    2316.4855957  
1480.0      2509.7924805    1376.6550293    2318.5336914  
1500.0      2515.6818848    1389.2922363    2320.5634766  
1520.0      2524.4628906    1401.7784424    2322.5751953  
1540.0      2533.2031250    1414.1999512    2324.5693359  
1560.0      2541.9030762    1426.5579834    2326.5463867  
1580.0      2550.5644531    1438.8546143    2328.5068359  
1600.0      2559.1870117    1451.0894775    2330.4506836  
1620.0      2567.7719727    1463.2644043    2332.3781738  
1640.0      2576.3208008    1475.3814697    2334.2902832  
1660.0      2584.8327637    1487.4403076    2336.1867676  
1680.0      2593.3095703    1499.4428711    2338.0681152  
1700.0      2606.6931152    1511.3898926    2339.9345703  
1720.0      2622.5122070    1523.2827148    2341.7866211  
1740.0      2638.2412109    1535.1220703    2343.6242676  
1760.0      2653.8820801    1546.9089355    2345.4479980  
1780.0      2669.4348145    1558.6441650    2347.2580566  
1800.0      2684.9025879    1570.3284912    2349.0544434  
1820.0      2700.2871094    1581.9633789    2350.8376465  
1840.0      2715.5898438    1593.5500488    2352.6081543  
1860.0      2730.8098145    1605.0869141    2354.3654785  
1880.0      2745.9523926    1616.5778809    2356.1105957  
1900.0      2761.0151367    1628.0209961    2357.8430176  
1920.0      2776.0019531    1639.4189453    2359.5634766  
1940.0      2790.9145508    1650.7720947    2361.2722168  
1960.0      2805.7512207    1662.0800781    2362.9689941  
1980.0      2820.5161133    1673.3450928    2364.6545410  
2000.0      2835.2097168    1684.5668945    2366.3286133  
2020.0      2854.6049805    1697.5837402    2367.9916992  
2040.0      2873.9311523    1710.5588379    2369.6440430  
2060.0      2893.1884766    1723.4921875    2371.2851562  
2080.0      2912.3793945    1736.3856201    2372.9160156  
2100.0      2931.5046387    1749.2396240    2374.5366211  
2120.0      2950.5646973    1762.0539551    2376.1467285  
2140.0      2969.5610352    1774.8299561    2377.7468262  
2160.0      2988.4948730    1787.5677490    2379.3369141  
2180.0      3007.3666992    1800.2681885    2380.9174805  
2200.0      3026.1772461    1812.9316406    2382.4882812  
2220.0      3044.9279785    1825.5581055    2384.0493164  
2240.0      3063.6193848    1838.1489258    2385.6013184  
2260.0      3082.2529297    1850.7044678    2387.1440430  
2280.0      3100.8286133    1863.2248535    2388.6777344  
2300.0      3119.3479004    1875.7106934    2390.2026367  
2320.0      3137.8115234    1888.1624756    2391.7185059  
2340.0      3156.2197266    1900.5808105    2393.2258301  
2360.0      3174.5739746    1912.9658203    2394.7246094  
2380.0      3192.8752441    1925.3182373    2396.2148438  
2400.0      3211.1235352    1937.6384277    2397.6967773  
2420.0      3248.9084473    1963.8626709    2402.2636719  
2440.0      3289.2873535    1991.9857178    2407.2399902  
2460.0      3328.6958008    2019.4702148    2412.0632324  
2480.0      3367.2106934    2046.3658447    2416.7451172  
2500.0      3404.8977051    2072.7150879    2421.2963867  
2520.0      3434.0144043    2090.9719238    2425.7265625  
2540.0      3462.4184570    2108.7570801    2430.0439453  
2560.0      3490.1528320    2126.0981445    2434.2553711  
2580.0      3517.2631836    2143.0251465    2438.3686523  
2600.0      3543.7878418    2159.5627441    2442.3891602  
2620.0      3569.7563477    2175.7299805    2446.3220215  
2640.0      3595.2077637    2191.5529785    2450.1733398  
2660.0      3620.1669922    2207.0473633    2453.9467773  
2680.0      3644.6616211    2222.2314453    2457.6467285  
2700.0      3668.7148438    2237.1206055    2461.2770996  
2720.0      3692.3510742    2251.7307129    2464.8417969  
2740.0      3715.5852051    2266.0710449    2468.3427734  
2760.0      3738.4423828    2280.1586914    2471.7841797  
2780.0      3760.9370117    2294.0031738    2475.1684570  
2800.0      3783.0866699    2307.6159668    2478.4985352  
2820.0      3804.9038086    2321.0043945    2481.7756348  
2840.0      3826.4074707    2334.1821289    2485.0034180  
2860.0      3847.6047363    2347.1533203    2488.1828613  
2880.0      3868.5158691    2359.9318848    2491.3171387  
2900.0      3889.1425781    2372.5180664    2494.4064941  
2920.0      3909.5039062    2384.9255371    2497.4541016  
2940.0      3929.6027832    2396.6679688    2500.4599609  
2960.0      3949.4545898    2405.5881348    2503.4270020  
2980.0      3969.0659180    2414.3696289    2506.3559570  
3000.0      3988.4455566    2423.0173340    2509.2485352  
3020.0      4006.7380371    2433.1232910    2512.1054688  
3040.0      4024.8146973    2443.1044922    2514.9282227  
3060.0      4042.6813965    2452.9643555    2517.7182617  
3080.0      4060.3461914    2462.7077637    2520.4760742  
3100.0      4077.8149414    2472.3378906    2523.2031250  
3120.0      4095.0932617    2481.8581543    2525.8999023  
3140.0      4112.1879883    2491.2722168    2528.5678711  
3160.0      4129.1030273    2500.5827637    2531.2072754  
3180.0      4145.8452148    2509.7937012    2533.8193359  
3200.0      4162.4199219    2518.9077148    2536.4052734  
3220.0      4178.8276367    2527.9255371    2538.9648438  
3240.0      4195.0776367    2536.8518066    2541.4992676  
3260.0      4211.1728516    2545.6892090    2544.0092773  
3280.0      4227.1176758    2554.4394531    2546.4956055  
3300.0      4242.9145508    2563.1042480    2548.9584961  
3320.0      4258.5688477    2571.6867676    2551.3989258  
3340.0      4274.0830078    2580.1889648    2553.8173828  
3360.0      4289.4619141    2588.6123047    2556.2143555  
3380.0      4304.7080078    2596.9594727    2558.5903320  
3400.0      4319.8247070    2605.2316895    2560.9458008  
3420.0      4334.8144531    2613.4304199    2563.2812500  
3440.0      4349.6816406    2621.5588379    2565.5974121  
3460.0      4401.5625000    2651.0566406    2573.7580566  
3480.0      4471.9184570    2691.2216797    2584.8359375  
3500.0      4537.9379883    2728.8823242    2595.2290039  
3520.0      4606.8608398    2768.6994629    2605.0317383  
3540.0      4122.3769531    2322.2993164    2527.4516602  
3560.0      4132.3642578    2328.7377930    2527.9484863  
3580.0      4142.3505859    2335.1757812    2528.4453125  
3600.0      4152.3378906    2341.6137695    2528.9421387  
3620.0      4162.3247070    2348.0517578    2529.4389648  
3640.0      4172.3115234    2354.4897461    2529.9357910  
3660.0      4182.2983398    2360.9279785    2530.4326172  
3680.0      4192.2856445    2367.3662109    2530.9294434  
3700.0      4202.2724609    2373.8041992    2531.4262695  
3720.0      4212.2592773    2380.2421875    2531.9228516  
3740.0      4222.2460938    2386.6801758    2532.4199219  
3760.0      4232.2333984    2393.1181641    2532.9165039  
3780.0      4242.2197266    2399.5563965    2533.4133301  
3800.0      4252.2070312    2405.9943848    2533.9101562  
3820.0      4262.1938477    2412.4323730    2534.4069824  
3840.0      4272.1806641    2418.8703613    2534.9038086  
3860.0      4282.1674805    2425.3083496    2535.4006348  
3880.0      4292.1547852    2431.7463379    2535.8974609  
3900.0      4302.1411133    2438.1845703    2536.3942871  
3920.0      4312.1284180    2444.6228027    2536.8911133  
3940.0      4322.1152344    2451.0607910    2537.3879395  
3960.0      4332.1025391    2457.4985352    2537.8847656  
3980.0      4342.0888672    2463.9367676    2538.3813477  
4000.0      4352.0761719    2470.3747559    2538.8784180  
4020.0      4363.5957031    2475.0202637    2539.3750000  
4040.0      4375.1152344    2479.6660156    2539.8720703  
4060.0      4386.6337891    2484.3112793    2540.3686523  
4080.0      4398.1533203    2488.9567871    2540.8654785  
4100.0      4409.6728516    2493.6022949    2541.3623047  
4120.0      4421.1923828    2498.2478027    2541.8591309  
4140.0      4432.7114258    2502.8935547    2542.3559570  
4160.0      4444.2309570    2507.5390625    2542.8527832  
4180.0      4455.7504883    2512.1845703    2543.3496094  
4200.0      4467.2695312    2516.8300781    2543.8464355  
4220.0      4478.7890625    2521.4755859    2544.3432617  
4240.0      4490.3085938    2526.1210938    2544.8400879  
4260.0      4501.8276367    2530.7666016    2545.3369141  
4280.0      4513.3476562    2535.4121094    2545.8337402  
4300.0      4524.8666992    2540.0576172    2546.3305664  
4320.0      4536.3857422    2544.7033691    2546.8271484  
4340.0      4547.9052734    2549.3488770    2547.3239746  
4360.0      4559.4248047    2553.9943848    2547.8208008  
4380.0      4570.9438477    2558.6398926    2548.3176270  
4400.0      4582.4628906    2563.2854004    2548.8144531  
4420.0      4593.9824219    2567.9309082    2549.3112793  
4440.0      4605.5019531    2572.5764160    2549.8081055  
4460.0      4617.0214844    2577.2219238    2550.3049316  
4480.0      4628.5405273    2581.8674316    2550.8017578  
4500.0      4640.0600586    2586.5131836    2551.2985840  
4520.0      4653.1484375    2596.3041992    2551.7954102  
4540.0      4666.2363281    2606.0952148    2552.2922363  
4560.0      4679.3242188    2615.8864746    2552.7888184  
4580.0      4692.4121094    2625.6774902    2553.2856445  
4600.0      4705.5004883    2635.4685059    2553.7827148  
4620.0      4718.5878906    2645.2597656    2554.2792969  
4640.0      4731.6762695    2655.0507812    2554.7761230  
4660.0      4744.7646484    2664.8420410    2555.2729492  
4680.0      4757.8525391    2674.6330566    2555.7697754  
4700.0      4770.9404297    2684.4238281    2556.2666016  
4720.0      4784.0283203    2694.2153320    2556.7634277  
4740.0      4797.1166992    2704.0063477    2557.2602539  
4760.0      4810.2045898    2713.7973633    2557.7570801  
4780.0      4823.2924805    2723.5883789    2558.2539062  
4800.0      4836.3808594    2733.3793945    2558.7504883  
4820.0      4849.4687500    2743.1706543    2559.2475586  
4840.0      4862.5571289    2752.9619141    2559.7443848  
4860.0      4875.6445312    2762.7526855    2560.2409668  
4880.0      4888.7329102    2772.5439453    2560.7377930  
4900.0      4901.8203125    2782.3349609    2561.2346191  
4920.0      4914.9091797    2792.1262207    2561.7314453  
4940.0      4927.9970703    2801.9172363    2562.2282715  
4960.0      4941.0849609    2811.7082520    2562.7250977  
4980.0      4954.1733398    2821.4992676    2563.2219238  
5000.0      4967.2607422    2831.2905273    2563.7187500  
