# CE_13888 -117.84956017 33.81957955
# 
# Depth (m)   Vp (m/s)        Vs(m/s)      Density(kg/m3)
   0.0       405.1187439     162.0507965    1928.9682617  
  20.0      1248.2275391     441.3015442    2062.0952148  
  40.0      1299.0915527     425.9644775    2070.1264648  
  60.0      1313.5745850     482.2000122    2072.4133301  
  80.0      1312.6335449     526.3900146    2072.2648926  
 100.0      1323.4587402     559.8800049    2073.9741211  
 120.0      1353.6003418     584.2700195    2078.7333984  
 140.0      1407.7344971     602.5700073    2087.2812500  
 160.0      1487.9857178     602.5700073    2099.9528809  
 180.0      1594.1353760     623.8900146    2116.7138672  
 200.0      1723.8323975     651.3200073    2137.1931152  
 220.0      1779.4494629     651.3200073    2145.9750977  
 240.0      1831.7878418     681.7999878    2154.2392578  
 260.0      1881.2962646     681.7999878    2162.0566406  
 280.0      1928.3273926     681.7999878    2169.4829102  
 300.0      1973.1700439     681.7999878    2176.5634766  
 320.0      2016.0612793     948.2782593    2183.3361816  
 340.0      2057.2028809     973.4660645    2189.8322754  
 360.0      2096.7602539     997.8326416    2196.0783691  
 380.0      2050.5161133    1090.5206299    2224.7319336  
 400.0      2058.0002441    1095.9863281    2229.1997070  
 420.0      2065.0405273    1101.2246094    2233.5209961  
 440.0      2071.6711426    1106.2518311    2237.7070312  
 460.0      2077.9228516    1111.0823975    2241.7683105  
 480.0      2083.8225098    1115.7303467    2245.7138672  
 500.0      2089.3945312    1120.2065430    2249.5510254  
 520.0      2105.3378906    1130.5921631    2253.2871094  
 540.0      2120.9943848    1140.8260498    2256.9287109  
 560.0      2136.3813477    1150.9172363    2260.4814453  
 580.0      2151.5146484    1160.8735352    2263.9506836  
 600.0      2166.4096680    1170.7019043    2267.3410645  
 620.0      2181.0781250    1180.4089355    2270.6567383  
 640.0      2195.5327148    1190.0007324    2273.9020996  
 660.0      2209.7841797    1199.4827881    2277.0803223  
 680.0      2223.8430176    1208.8603516    2280.1953125  
 700.0      2237.7187500    1218.1379395    2283.2495117  
 720.0      2251.4194336    1227.3200684    2286.2460938  
 740.0      2264.9536133    1236.4108887    2289.1877441  
 760.0      2278.3278809    1245.4138184    2292.0769043  
 780.0      2291.5502930    1254.3330078    2294.9157715  
 800.0      2304.6264648    1263.1715088    2297.7067871  
 820.0      2317.5629883    1271.9322510    2300.5869141  
 840.0      2330.3657227    1280.6185303    2304.0996094  
 860.0      2343.0385742    1289.2329102    2307.5566406  
 880.0      2355.5881348    1297.7777100    2310.9604492  
 900.0      2368.0180664    1306.2558594    2314.3134766  
 920.0      2380.3327637    1314.6690674    2317.6166992  
 940.0      2395.7661133    1336.6480713    2322.2578125  
 960.0      2457.3720703    1424.0664062    2341.6459961  
 980.0      2567.5485840    1500.4724121    2358.3144531  
1000.0      2665.5388184    1569.0250244    2373.0588379  
1020.0      2756.3405762    1633.5882568    2386.3627930  
1040.0      2840.0285645    1693.5120850    2398.5432129  
1060.0      2917.9970703    1749.6883545    2409.8205566  
1080.0      2991.2524414    1802.7642822    2420.3540039  
1100.0      3060.5485840    1853.2258301    2430.2619629  
1120.0      3126.4645996    1901.4483643    2439.6362305  
1140.0      3188.0791016    1946.7259521    2448.3315430  
1160.0      3207.6853027    1961.5115967    2450.3935547  
1180.0      3227.1430664    1976.1976318    2452.4321289  
1200.0      3246.4567871    1990.7872314    2454.4477539  
1220.0      3265.6335449    2005.2855225    2456.4421387  
1240.0      3284.6762695    2019.6936035    2458.4150391  
1260.0      3303.5881348    2034.0141602    2460.3676758  
1280.0      3322.3735352    2048.2495117    2462.3000488  
1300.0      3341.0354004    2062.4018555    2464.2128906  
1320.0      3359.5773926    2076.4741211    2466.1069336  
1340.0      3378.0026855    2090.4672852    2467.9824219  
1360.0      3396.3127441    2104.3833008    2469.8398438  
1380.0      3414.5136719    2118.2255859    2471.6799316  
1400.0      3432.6076660    2131.9963379    2473.5031738  
1420.0      3450.5959473    2145.6958008    2475.3098145  
1440.0      3468.4807129    2159.3251953    2477.1000977  
1460.0      3486.2658691    2172.8874512    2478.8745117  
1480.0      3503.9536133    2186.3837891    2480.6335449  
1500.0      3521.5456543    2199.8154297    2482.3774414  
1520.0      3536.2414551    2210.0637207    2484.1069336  
1540.0      3550.8481445    2220.2509766    2485.8220215  
1560.0      3565.3645020    2230.3771973    2487.5229492  
1580.0      3579.7939453    2240.4448242    2489.2102051  
1600.0      3594.1379395    2250.4545898    2490.8837891  
1620.0      3608.3972168    2260.4067383    2492.5441895  
1640.0      3622.5778809    2270.3059082    2494.1921387  
1660.0      3636.6784668    2280.1508789    2495.8273926  
1680.0      3650.7004395    2289.9423828    2497.4501953  
1700.0      3664.6469727    2299.6828613    2499.0612793  
1720.0      3678.5178223    2308.6735840    2500.6601562  
1740.0      3692.3144531    2316.6325684    2502.2475586  
1760.0      3706.0407715    2324.5507812    2503.8237305  
1780.0      3719.6965332    2332.4284668    2505.3886719  
1800.0      3733.2836914    2340.2666016    2506.9428711  
1820.0      3746.8049316    2348.0664062    2508.4868164  
1840.0      3760.2575684    2355.8269043    2510.0197754  
1860.0      3773.6455078    2363.5500488    2511.5424805  
1880.0      3786.9692383    2371.2360840    2513.0551758  
1900.0      3800.2304688    2378.8857422    2514.5578613  
1920.0      3813.4304199    2386.5002441    2516.0507812  
1940.0      3826.5690918    2394.0795898    2517.5341797  
1960.0      3839.6486816    2401.6242676    2519.0083008  
1980.0      3852.6696777    2409.1354980    2520.4731445  
2000.0      3865.6335449    2416.6140137    2521.9289551  
2020.0      3879.6533203    2424.6557617    2523.3759766  
2040.0      3893.6164551    2432.6647949    2524.8139648  
2060.0      3907.5253906    2440.6430664    2526.2436523  
2080.0      3921.3806152    2448.5898438    2527.6645508  
2100.0      3935.1840820    2456.5068359    2529.0773926  
2120.0      3948.9355469    2464.3940430    2530.4819336  
2140.0      3962.6359863    2472.2517090    2531.8786621  
2160.0      3976.2841797    2480.0788574    2533.2670898  
2180.0      3989.8845215    2487.8789062    2534.6477051  
2200.0      4003.4360352    2495.6503906    2536.0207520  
2220.0      4016.9406738    2503.3950195    2537.3864746  
2240.0      4030.3964844    2511.1113281    2538.7443848  
2260.0      4043.8068848    2518.8012695    2540.0952148  
2280.0      4057.1718750    2526.4653320    2541.4389648  
2300.0      4070.4909668    2534.1027832    2542.7751465  
2320.0      4083.7656250    2541.7143555    2544.1044922  
2340.0      4096.9965820    2549.3012695    2545.4270020  
2360.0      4110.1850586    2556.8627930    2546.7426758  
2380.0      4123.3305664    2564.4001465    2548.0517578  
2400.0      4136.4345703    2571.9133301    2549.3540039  
2420.0      4149.4975586    2579.4030762    2550.6501465  
2440.0      4162.5190430    2586.8686523    2551.9394531  
2460.0      4175.5009766    2594.3112793    2553.2226562  
2480.0      4188.4428711    2601.7309570    2554.4995117  
2500.0      4201.3461914    2609.1281738    2555.7700195  
2520.0      4206.8212891    2609.8957520    2557.0346680  
2540.0      4212.2583008    2610.6416016    2558.2932129  
2560.0      4217.6577148    2611.3654785    2559.5458984  
2580.0      4223.0205078    2612.0683594    2560.7927246  
2600.0      4228.3461914    2612.7497559    2562.0336914  
2620.0      4233.6362305    2613.4104004    2563.2690430  
2640.0      4238.8906250    2614.0505371    2564.4987793  
2660.0      4244.1093750    2614.6701660    2565.7229004  
2680.0      4249.2939453    2615.2702637    2566.9416504  
2700.0      4254.4438477    2615.8500977    2568.1547852  
2720.0      4259.5605469    2616.4108887    2569.3627930  
2740.0      4264.6425781    2616.9516602    2570.5654297  
2760.0      4269.6928711    2617.4738770    2571.7629395  
2780.0      4274.7104492    2617.9772949    2572.9550781  
2800.0      4279.6953125    2618.4619141    2574.1423340  
2820.0      4284.6484375    2618.9282227    2575.3244629  
2840.0      4289.5693359    2619.3759766    2576.5014648  
2860.0      4294.4599609    2619.8061523    2577.6738281  
2880.0      4299.3193359    2620.2182617    2578.8413086  
2900.0      4304.1484375    2620.6130371    2580.0039062  
2920.0      4308.9477539    2620.9904785    2581.1616211  
2940.0      4313.7177734    2621.3508301    2582.3149414  
2960.0      4318.4570312    2621.6936035    2583.4633789  
2980.0      4323.1684570    2622.0205078    2584.6074219  
3000.0      4327.8510742    2622.3305664    2585.7468262  
3020.0      4334.1132812    2625.0002441    2586.8815918  
3040.0      4340.3491211    2627.6547852    2588.0122070  
3060.0      4346.5551758    2630.2922363    2589.1381836  
3080.0      4352.7348633    2632.9145508    2590.2600098  
3100.0      4358.8872070    2635.5207520    2591.3774414  
3120.0      4365.0126953    2638.1115723    2592.4907227  
3140.0      4371.1113281    2640.6870117    2593.5996094  
3160.0      4361.3769531    2536.6962891    2592.2084961  
3180.0      4365.9970703    2540.2487793    2593.0839844  
3200.0      4370.6171875    2543.8012695    2593.9594727  
3220.0      4375.2377930    2547.3540039    2594.8349609  
3240.0      4379.8579102    2550.9067383    2595.7106934  
3260.0      4384.4785156    2554.4594727    2596.5861816  
3280.0      4389.0986328    2558.0124512    2597.4616699  
3300.0      4393.7182617    2561.5646973    2598.3371582  
3320.0      4398.3393555    2565.1174316    2599.2128906  
3340.0      4402.9594727    2568.6699219    2600.0883789  
3360.0      4407.5795898    2572.2226562    2600.9638672  
3380.0      4412.2001953    2575.7751465    2601.8393555  
3400.0      4416.8203125    2579.3278809    2602.7148438  
3420.0      4421.4404297    2582.8806152    2603.5905762  
3440.0      4426.0610352    2586.4333496    2604.4660645  
3460.0      4430.6811523    2589.9860840    2605.3415527  
3480.0      4435.3012695    2593.5385742    2606.2172852  
3500.0      4439.9213867    2597.0913086    2607.0927734  
3520.0      4447.1621094    2599.7751465    2607.9682617  
3540.0      4454.4023438    2602.4587402    2608.8437500  
3560.0      4461.6425781    2605.1425781    2609.7192383  
3580.0      4468.8823242    2607.8261719    2610.5949707  
3600.0      4476.1225586    2610.5097656    2611.4704590  
3620.0      4483.3627930    2613.1936035    2612.3459473  
3640.0      4490.6030273    2615.8771973    2613.2214355  
3660.0      4497.8432617    2618.5607910    2614.0971680  
3680.0      4505.0834961    2621.2448730    2614.9726562  
3700.0      4512.3237305    2623.9282227    2615.8481445  
3720.0      4519.5639648    2626.6120605    2616.7236328  
3740.0      4526.8041992    2629.2956543    2617.5991211  
3760.0      4534.0439453    2631.9794922    2618.4748535  
3780.0      4541.2841797    2634.6630859    2619.3503418  
3800.0      4548.5244141    2637.3469238    2620.2258301  
3820.0      4555.7646484    2640.0302734    2621.1013184  
3840.0      4563.0048828    2642.7138672    2621.9770508  
3860.0      4570.2451172    2645.3977051    2622.8525391  
3880.0      4577.4853516    2648.0815430    2623.7280273  
3900.0      4584.7255859    2650.7651367    2624.6035156  
3920.0      4591.9658203    2653.4489746    2625.4790039  
3940.0      4599.2060547    2656.1325684    2626.3547363  
3960.0      4606.4462891    2658.8164062    2627.2302246  
3980.0      4613.6860352    2661.5000000    2628.1057129  
4000.0      4620.9262695    2664.1838379    2628.9812012  
4020.0      4629.7119141    2667.7377930    2629.8569336  
4040.0      4638.4975586    2671.2922363    2630.7324219  
4060.0      4647.2827148    2674.8461914    2631.6079102  
4080.0      4656.0683594    2678.4006348    2632.4833984  
4100.0      4664.8540039    2681.9545898    2633.3588867  
4120.0      4673.6391602    2685.5087891    2634.2346191  
4140.0      4682.4248047    2689.0629883    2635.1101074  
4160.0      4691.2099609    2692.6171875    2635.9855957  
4180.0      4699.9956055    2696.1711426    2636.8613281  
4200.0      4708.7812500    2699.7253418    2637.7368164  
4220.0      4717.5664062    2703.2795410    2638.6123047  
4240.0      4726.3520508    2706.8339844    2639.4877930  
4260.0      4735.1376953    2710.3884277    2640.3632812  
4280.0      4743.9228516    2713.9423828    2641.2387695  
4300.0      4752.7084961    2717.4965820    2642.1145020  
4320.0      4761.4941406    2721.0507812    2642.9899902  
4340.0      4770.2792969    2724.6052246    2643.8654785  
4360.0      4779.0649414    2728.1591797    2644.7412109  
4380.0      4787.8505859    2731.7133789    2645.6166992  
4400.0      4796.6357422    2735.2673340    2646.4921875  
4420.0      4805.4213867    2738.8217773    2647.3676758  
4440.0      4814.2070312    2742.3759766    2648.2431641  
4460.0      4822.9921875    2745.9301758    2649.1186523  
4480.0      4831.7778320    2749.4843750    2649.9943848  
4500.0      4840.5629883    2753.0383301    2650.8698730  
4520.0      4854.2299805    2762.1230469    2651.7453613  
4540.0      4867.8969727    2771.2077637    2652.6210938  
4560.0      4881.5634766    2780.2919922    2653.4965820  
4580.0      4895.2304688    2789.3764648    2654.3720703  
4600.0      4908.8974609    2798.4606934    2655.2475586  
4620.0      4922.5644531    2807.5454102    2656.1230469  
4640.0      4936.2309570    2816.6298828    2656.9985352  
4660.0      4949.8979492    2825.7145996    2657.8742676  
4680.0      4963.5649414    2834.7990723    2658.7497559  
4700.0      4977.2314453    2843.8833008    2659.6252441  
4720.0      4990.8984375    2852.9680176    2660.5009766  
4740.0      5004.5654297    2862.0522461    2661.3764648  
4760.0      5018.2319336    2871.1369629    2662.2519531  
4780.0      5031.8989258    2880.2211914    2663.1274414  
4800.0      5045.5659180    2889.3059082    2664.0029297  
4820.0      5059.2324219    2898.3903809    2664.8784180  
4840.0      5072.8994141    2907.4748535    2665.7541504  
4860.0      5086.5664062    2916.5590820    2666.6296387  
4880.0      5100.2329102    2925.6437988    2667.5051270  
4900.0      5113.8994141    2934.7280273    2668.3806152  
4920.0      5127.5668945    2943.8127441    2669.2563477  
4940.0      5141.2333984    2952.8972168    2670.1318359  
4960.0      5154.9003906    2961.9816895    2671.0073242  
4980.0      5168.5673828    2971.0661621    2671.8828125  
5000.0      5182.2338867    2980.1506348    2672.7583008  
