# CE_24941 -118.14685022 34.01738497
# 
# Depth (m)   Vp (m/s)        Vs(m/s)      Density(kg/m3)
   0.0       696.4910278     252.1049957    1974.9759521  
  20.0      1534.6899414     533.1524658    2107.3276367  
  40.0      1661.5500488     531.8299561    2127.3588867  
  60.0      1630.1545410     582.5549927    2122.4013672  
  80.0      1613.9138184     588.0000000    2119.8369141  
 100.0      1584.6520996     603.4699707    2115.2165527  
 120.0      1552.8707275     627.8599854    2110.1982422  
 140.0      1526.8171387     646.1400146    2106.0844727  
 160.0      1512.6862793     646.1400146    2103.8532715  
 180.0      1514.6569824     655.1061401    2104.1643066  
 200.0      1534.9234619     666.4209595    2107.3645020  
 220.0      1583.9049072     693.9657593    2115.0986328  
 240.0      1630.0312500     720.1574707    2122.3818359  
 260.0      1673.6848145     725.3900146    2129.2749023  
 280.0      1715.1726074     725.3900146    2135.8256836  
 300.0      1754.7446289     725.3900146    2142.0742188  
 320.0      1792.6081543     814.3493042    2148.0527344  
 340.0      1828.9359131     835.7811890    2153.7890625  
 360.0      1863.8745117     856.5212402    2159.3056641  
 380.0      1897.5511475     876.6292114    2164.6232910  
 400.0      1930.0732422     896.1550903    2169.7585449  
 420.0      1961.5343018     915.1429443    2174.7263184  
 440.0      1992.0163574     933.6312866    2179.5393066  
 460.0      2021.5936279     951.6559448    2184.2097168  
 480.0      2050.3298340     969.2471924    2188.7470703  
 500.0      2078.2824707     986.4328613    2193.1608887  
 520.0      2387.8305664    1190.4822998    2221.1655273  
 540.0      2400.8591309    1200.3487549    2224.3867188  
 560.0      2413.6506348    1210.0944824    2227.5295410  
 580.0      2426.2182617    1219.7258301    2230.5986328  
 600.0      2438.5756836    1229.2491455    2233.5983887  
 620.0      2450.7336426    1238.6699219    2236.5322266  
 640.0      2462.7033691    1247.9931641    2239.4040527  
 660.0      2474.4938965    1257.2235107    2242.2170410  
 680.0      2486.1142578    1266.3651123    2244.9736328  
 700.0      2497.5725098    1275.4219971    2247.6770020  
 720.0      2508.8771973    1284.3984375    2250.3295898  
 740.0      2520.0351562    1293.2974854    2252.9335938  
 760.0      2531.0517578    1302.1219482    2255.4912109  
 780.0      2541.9340820    1310.8752441    2258.0046387  
 800.0      2552.6872559    1319.5604248    2260.4753418  
 820.0      2563.3171387    1328.1795654    2262.9057617  
 840.0      2573.8288574    1336.7354736    2265.2966309  
 860.0      2584.2263184    1345.2302246    2267.6499023  
 880.0      2594.5144043    1353.6665039    2269.9675293  
 900.0      2604.6975098    1362.0462646    2272.2502441  
 920.0      2614.7785645    1370.3709717    2274.4995117  
 940.0      2624.7617188    1378.6423340    2276.7160645  
 960.0      2634.6506348    1386.8627930    2278.9018555  
 980.0      2644.4479980    1395.0335693    2281.0576172  
1000.0      2654.1574707    1403.1563721    2283.1843262  
1020.0      2664.8896484    1412.5959473    2285.2827148  
1040.0      2675.5395508    1421.9903564    2287.3540039  
1060.0      2686.1096191    1431.3409424    2289.3986816  
1080.0      2696.6025391    1440.6490479    2291.4184570  
1100.0      2707.0202637    1449.9156494    2293.4128418  
1120.0      2717.3652344    1459.1423340    2295.3835449  
1140.0      2727.6396484    1468.3299561    2297.3310547  
1160.0      2737.8454590    1477.4793701    2299.2561035  
1180.0      2747.9848633    1486.5919189    2301.5073242  
1200.0      2758.0595703    1495.6685791    2303.9548340  
1220.0      2768.0712891    1504.7100830    2306.3752441  
1240.0      2778.0217285    1513.7174072    2308.7692871  
1260.0      2787.9125977    1522.6911621    2311.1376953  
1280.0      2797.7453613    1531.6325684    2313.4814453  
1300.0      2807.5217285    1540.5422363    2315.8010254  
1320.0      2817.2429199    1549.4207764    2318.0969238  
1340.0      2826.9106445    1564.5371094    2320.3696289  
1360.0      2836.5258789    1579.5881348    2322.6198730  
1380.0      2846.0900879    1594.5584717    2324.8483887  
1400.0      2855.6040039    1609.4495850    2327.0554199  
1420.0      2865.0695801    1624.2633057    2329.2414551  
1440.0      2874.4875488    1639.0014648    2331.4072266  
1460.0      2883.8596191    1653.6661377    2333.5532227  
1480.0      2893.1853027    1668.2570801    2335.6794434  
1500.0      2902.4670410    1682.7774658    2337.7866211  
1520.0      2915.9846191    1695.0783691    2339.8752441  
1540.0      2933.0419922    1707.3114014    2341.9458008  
1560.0      2949.9865723    1719.4780273    2343.9985352  
1580.0      2966.8205566    1731.5788574    2346.0336914  
1600.0      2983.5463867    1743.6154785    2348.0517578  
1620.0      3000.1660156    1755.5892334    2350.0532227  
1640.0      3016.6826172    1767.5017090    2352.0380859  
1660.0      3033.0971680    1779.3532715    2354.0070801  
1680.0      3049.4116211    1791.1453857    2355.9602051  
1700.0      3065.6291504    1802.8796387    2357.8981934  
1720.0      3081.7504883    1814.5561523    2359.8208008  
1740.0      3097.7783203    1826.1768799    2361.7287598  
1760.0      3113.7138672    1837.7421875    2363.6220703  
1780.0      3129.5588379    1849.2530518    2365.5009766  
1800.0      3145.3151855    1860.7110596    2367.3662109  
1820.0      3160.9846191    1872.1164551    2369.2175293  
1840.0      3176.5688477    1883.4704590    2371.0551758  
1860.0      3192.0688477    1894.7739258    2372.8798828  
1880.0      3207.4858398    1906.0270996    2374.6914062  
1900.0      3222.8227539    1917.2319336    2376.4899902  
1920.0      3238.0795898    1928.3884277    2378.2763672  
1940.0      3262.6003418    1946.0747070    2381.5251465  
1960.0      3287.7204590    1964.2089844    2384.8686523  
1980.0      3312.4846191    1982.1186523    2388.1562500  
2000.0      3336.9106445    1999.8139648    2391.3901367  
2020.0      3362.4902344    2018.0716553    2394.5727539  
2040.0      3387.7597656    2036.1334229    2397.7067871  
2060.0      3412.7324219    2054.0061035    2400.7937012  
2080.0      3437.4177246    2071.6960449    2403.8354492  
2100.0      3461.8334961    2089.2143555    2406.8344727  
2120.0      3485.9848633    2106.5639648    2409.7915039  
2140.0      3509.8833008    2123.7526855    2412.7089844  
2160.0      3533.5383301    2140.7856445    2415.5878906  
2180.0      3556.9592285    2157.6691895    2418.4299316  
2200.0      3580.1525879    2174.4067383    2421.2358398  
2220.0      3603.1264648    2191.0039062    2424.0073242  
2240.0      3625.8913574    2207.4672852    2426.7456055  
2260.0      3648.4514160    2223.7988281    2429.4516602  
2280.0      3670.8127441    2240.0026855    2432.1262207  
2300.0      3692.9829102    2256.0839844    2434.7707520  
2320.0      3714.9672852    2272.0451660    2437.3857422  
2340.0      3736.7719727    2287.8911133    2439.9726562  
2360.0      3758.4028320    2303.6247559    2442.5319824  
2380.0      3779.8598633    2319.2458496    2445.0637207  
2400.0      3801.1567383    2334.7639160    2447.5703125  
2420.0      3822.2902832    2350.1757812    2450.0510254  
2440.0      3843.2714844    2365.4897461    2452.5078125  
2460.0      3864.0991211    2380.7041016    2454.9404297  
2480.0      3884.7785645    2395.8217773    2457.3493652  
2500.0      3905.3171387    2410.8488770    2459.7363281  
2520.0      3915.5517578    2416.9160156    2462.1000977  
2540.0      3925.6523438    2422.8962402    2464.4428711  
2560.0      3935.6213379    2428.7905273    2466.7646484  
2580.0      3945.4594727    2434.6003418    2469.0661621  
2600.0      3955.1716309    2440.3278809    2471.3476562  
2620.0      3964.7570801    2445.9721680    2473.6088867  
2640.0      3974.2229004    2451.5388184    2475.8515625  
2660.0      3983.5710449    2457.0278320    2478.0751953  
2680.0      3992.8037109    2462.4421387    2480.2810059  
2700.0      4001.9223633    2467.7817383    2482.4687500  
2720.0      4010.9296875    2473.0483398    2484.6389160  
2740.0      4019.8312988    2478.2453613    2486.7922363  
2760.0      4028.6264648    2483.3730469    2488.9289551  
2780.0      4037.3186035    2488.4328613    2491.0493164  
2800.0      4045.9074707    2493.4248047    2493.1533203  
2820.0      4054.3959961    2498.3508301    2495.2414551  
2840.0      4062.7878418    2503.2128906    2497.3144531  
2860.0      4071.0842285    2508.0122070    2499.3723145  
2880.0      4079.2871094    2511.2531738    2501.4152832  
2900.0      4087.3979492    2513.7800293    2503.4438477  
2920.0      4095.4187012    2516.2551270    2505.4582520  
2940.0      4103.3510742    2518.6787109    2507.4584961  
2960.0      4111.1958008    2521.0522461    2509.4453125  
2980.0      4118.9565430    2523.3769531    2511.4184570  
3000.0      4126.6323242    2525.6528320    2513.3784180  
3020.0      4132.1962891    2526.7756348    2515.3251953  
3040.0      4137.6791992    2527.8522949    2517.2595215  
3060.0      4143.0834961    2528.8833008    2519.1811523  
3080.0      4148.4086914    2529.8686523    2521.0903320  
3100.0      4153.6577148    2530.8103027    2522.9877930  
3120.0      4158.8320312    2531.7084961    2524.8730469  
3140.0      4163.9311523    2532.5634766    2526.7468262  
3160.0      4168.9570312    2533.3762207    2528.6088867  
3180.0      4173.9125977    2534.1479492    2530.4597168  
3200.0      4178.7963867    2534.8789062    2532.2993164  
3220.0      4183.6113281    2535.5693359    2534.1279297  
3240.0      4188.3579102    2536.2209473    2535.9458008  
3260.0      4193.0380859    2536.8339844    2537.7531738  
3280.0      4197.6499023    2537.4074707    2539.5498047  
3300.0      4202.1967773    2537.9433594    2541.3361816  
3320.0      4206.6796875    2538.4426270    2543.1125488  
3340.0      4211.1000977    2538.9057617    2544.8789062  
3360.0      4215.4575195    2539.3325195    2546.6352539  
3380.0      4219.7534180    2539.7236328    2548.3820801  
3400.0      4223.9892578    2540.0800781    2550.1193848  
3420.0      4228.1650391    2540.4018555    2551.8471680  
3440.0      4232.2822266    2540.6899414    2553.5656738  
3460.0      4236.3413086    2540.9440918    2555.2749023  
3480.0      4240.3427734    2541.1655273    2556.9753418  
3500.0      4244.2880859    2541.3542480    2558.6665039  
3520.0      4250.1459961    2542.8676758    2560.3493652  
3540.0      4255.9477539    2544.3486328    2562.0231934  
3560.0      4261.6962891    2545.7985840    2563.6887207  
3580.0      4267.3911133    2547.2180176    2565.3457031  
3600.0      4273.0332031    2548.6066895    2566.9941406  
3620.0      4278.6230469    2549.9653320    2568.6347656  
3640.0      4284.1621094    2551.2944336    2570.2670898  
3660.0      4289.6499023    2552.5939941    2571.8913574  
3680.0      4295.0883789    2553.8652344    2573.5078125  
3700.0      4300.4042969    2555.0656738    2575.1049805  
3720.0      4305.5410156    2556.1625977    2576.6738281  
3740.0      4310.6308594    2557.2326660    2578.2353516  
3760.0      4315.6752930    2558.2763672    2579.7895508  
3780.0      4320.6777344    2559.2956543    2581.3371582  
3800.0      4325.6318359    2560.2871094    2582.8771973  
3820.0      4330.5434570    2561.2543945    2584.4106445  
3840.0      4335.4130859    2562.1970215    2585.9372559  
3860.0      4340.2392578    2563.1147461    2587.4570312  
3880.0      4345.0234375    2564.0083008    2588.9702148  
3900.0      4349.7670898    2564.8781738    2590.4770508  
3920.0      4354.4667969    2565.7229004    2591.9768066  
3940.0      4359.1264648    2566.5446777    2593.4702148  
3960.0      4363.7465820    2567.3432617    2594.9575195  
3980.0      4368.3281250    2568.1196289    2596.4387207  
4000.0      4372.8662109    2568.8710938    2597.9130859  
4020.0      4379.7167969    2570.3916016    2599.3818359  
4040.0      4386.5283203    2571.8891602    2600.8442383  
4060.0      4393.3022461    2573.3657227    2602.3007812  
4080.0      4400.0375977    2574.8195801    2603.7512207  
4100.0      4406.7348633    2576.2514648    2605.1955566  
4120.0      4413.3959961    2577.6625977    2606.6342773  
4140.0      4420.0205078    2579.0527344    2608.0671387  
4160.0      4426.6103516    2580.4223633    2609.4946289  
4180.0      4433.1611328    2581.7697754    2610.9157715  
4200.0      4439.6772461    2583.0974121    2612.3317871  
4220.0      4446.1591797    2584.4050293    2613.7421875  
4240.0      4452.6064453    2585.6923828    2615.1469727  
4260.0      4459.0185547    2586.9599609    2616.5463867  
4280.0      4465.3964844    2588.2075195    2617.9404297  
4300.0      4471.7407227    2589.4355469    2619.3291016  
4320.0      4478.0527344    2590.6450195    2620.7126465  
4340.0      4484.3300781    2591.8344727    2622.0908203  
4360.0      4490.5751953    2593.0053711    2623.4638672  
4380.0      4496.7880859    2594.1577148    2624.8315430  
4400.0      4502.9677734    2595.2910156    2626.1943359  
4420.0      4509.1166992    2596.4062500    2627.5522461  
4440.0      4515.2338867    2597.5031738    2628.9050293  
4460.0      4521.3193359    2598.5817871    2630.2526855  
4480.0      4527.3745117    2599.6433105    2631.5957031  
4500.0      4533.3984375    2600.6865234    2632.9338379  
4520.0      4555.5454102    2614.5917969    2634.2670898  
4540.0      4577.6621094    2628.4792480    2635.5957031  
4560.0      4599.7485352    2642.3498535    2636.9196777  
4580.0      4621.8056641    2656.2031250    2638.2387695  
4600.0      4643.8334961    2670.0393066    2639.5532227  
4620.0      4665.8325195    2683.8593750    2640.8632812  
4640.0      4687.8022461    2697.6621094    2642.1687012  
4660.0      4482.6625977    2497.3457031    2607.6135254  
4680.0      4501.4335938    2511.7717285    2608.4138184  
4700.0      4520.2045898    2526.1979980    2609.2141113  
4720.0      4538.9746094    2540.6240234    2610.0144043  
4740.0      4557.7456055    2555.0500488    2610.8146973  
4760.0      4576.5166016    2569.4760742    2611.6149902  
4780.0      4595.2871094    2583.9020996    2612.4150391  
4800.0      4614.0581055    2598.3281250    2613.2153320  
4820.0      4632.8291016    2612.7543945    2614.0156250  
4840.0      4651.5996094    2627.1801758    2614.8159180  
4860.0      4670.3706055    2641.6062012    2615.6162109  
4880.0      4689.1416016    2656.0322266    2616.4165039  
4900.0      4707.9125977    2670.4582520    2617.2167969  
4920.0      4726.6831055    2684.8842773    2618.0170898  
4940.0      4745.4545898    2699.3105469    2618.8173828  
4960.0      4764.2250977    2713.7365723    2619.6176758  
4980.0      4782.9960938    2728.1623535    2620.4179688  
5000.0      4801.7666016    2742.5883789    2621.2182617  
