# CE_14400 -118.07228509 33.83699507
# 
# Depth (m)   Vp (m/s)        Vs(m/s)      Density(kg/m3)
   0.0       379.2137451     161.5557861    1924.8778076  
  20.0      1227.2724609     366.3090210    2058.7863770  
  40.0      1299.9000244     416.6700134    2070.2541504  
  60.0      1310.5119629     482.2000122    2071.9299316  
  80.0      1294.4031982     526.3900146    2069.3862305  
 100.0      1275.6540527     559.8800049    2066.4257812  
 120.0      1261.1608887     584.2700195    2064.1372070  
 140.0      1256.0515137     602.5700073    2063.3305664  
 160.0      1263.8671875     519.2977905    2064.5646973  
 180.0      1286.6428223     531.2960815    2068.1608887  
 200.0      1324.9787598     551.6478882    2074.2141113  
 220.0      1367.6312256     574.5174561    2080.9489746  
 240.0      1407.7773438     596.2563477    2087.2880859  
 260.0      1445.7558594     617.0076904    2093.2849121  
 280.0      1481.8374023     636.8871460    2098.9821777  
 300.0      1516.2425537     655.9897461    2104.4147949  
 320.0      1549.1533203     674.3942261    2109.6113281  
 340.0      1580.7215576     692.1670532    2114.5959473  
 360.0      1611.0781250     709.3660889    2119.3891602  
 380.0      1640.3314209     726.0393066    2124.0083008  
 400.0      1668.5767822     742.2287598    2128.4682617  
 420.0      1695.8969727     757.9721069    2132.7822266  
 440.0      1722.3647461     773.3017578    2136.9614258  
 460.0      1748.0421143     788.2457886    2141.0158691  
 480.0      1772.9864502     802.8306274    2144.9545898  
 500.0      1797.2490234     817.0796509    2148.7856445  
 520.0      1820.8732910     831.0126953    2152.5158691  
 540.0      1843.8996582     844.6487427    2156.1518555  
 560.0      1866.3649902     858.0043335    2159.6989746  
 580.0      1888.3028564     871.0958862    2163.1630859  
 600.0      1909.7409668     883.9354858    2166.5480957  
 620.0      1930.7084961     896.5374756    2169.8588867  
 640.0      1951.2315674     908.9143677    2173.0996094  
 660.0      1971.3309326     921.0751953    2176.2731934  
 680.0      1991.0286865     933.0309448    2179.3835449  
 700.0      2010.3441162     944.7905884    2182.4333496  
 720.0      2029.2954102     956.3631592    2185.4257812  
 740.0      2047.8994141     967.7564087    2188.3632812  
 760.0      2066.1704102     978.9772949    2191.2482910  
 780.0      2084.1252441     990.0342407    2194.0834961  
 800.0      2101.0034180    1065.0068359    2220.7131348  
 820.0      2113.2641602    1072.8009033    2222.8203125  
 840.0      2125.4221191    1080.5427246    2224.8935547  
 860.0      2137.4804688    1088.2342529    2226.9343262  
 880.0      2149.4443359    1095.8768311    2228.9433594  
 900.0      2161.3156738    1103.4725342    2230.9226074  
 920.0      2173.0998535    1111.0231934    2232.8725586  
 940.0      2184.7985840    1118.5300293    2234.7944336  
 960.0      2196.4152832    1125.9943848    2236.6892090  
 980.0      2207.9528809    1133.4177246    2238.5578613  
1000.0      2219.4140625    1140.8016357    2240.4016113  
1020.0      2231.4582520    1149.6555176    2242.2207031  
1040.0      2243.4306641    1158.4719238    2244.0161133  
1060.0      2255.3347168    1167.2525635    2245.7888184  
1080.0      2267.1713867    1175.9980469    2247.5393066  
1100.0      2278.9423828    1184.7092285    2249.2683105  
1120.0      2290.6506348    1193.3870850    2250.9765625  
1140.0      2302.2978516    1202.0332031    2252.6645508  
1160.0      2313.8850098    1210.6472168    2254.3327637  
1180.0      2325.4140625    1219.2309570    2255.9821777  
1200.0      2336.8876953    1227.7850342    2257.6130371  
1220.0      2348.3063965    1236.3100586    2259.2258301  
1240.0      2359.6721191    1244.8068848    2260.8210449  
1260.0      2370.9863281    1253.2762451    2262.3994141  
1280.0      2382.2495117    1261.7183838    2263.9609375  
1300.0      2393.4641113    1270.1346436    2265.5063477  
1320.0      2404.6303711    1278.5249023    2267.0358887  
1340.0      2415.7509766    1286.8906250    2268.5500488  
1360.0      2426.8254395    1295.2316895    2270.0495605  
1380.0      2437.8557129    1303.5488281    2271.5341797  
1400.0      2448.8430176    1311.8426514    2273.0046387  
1420.0      2459.7875977    1320.1137695    2274.4609375  
1440.0      2470.6909180    1328.3624268    2275.9038086  
1460.0      2481.5546875    1336.5894775    2277.3334961  
1480.0      2492.3781738    1344.7947998    2278.7500000  
1500.0      2503.1633301    1352.9793701    2280.1540527  
1520.0      2514.2563477    1360.3836670    2281.5454102  
1540.0      2525.3127441    1367.7680664    2282.9248047  
1560.0      2536.3322754    1375.1322021    2284.2922363  
1580.0      2547.3171387    1382.4774170    2285.6479492  
1600.0      2558.2668457    1389.8034668    2286.9921875  
1620.0      2569.1833496    1397.1113281    2288.3256836  
1640.0      2580.0668945    1404.4007568    2289.6479492  
1660.0      2590.9169922    1411.6722412    2290.9592285  
1680.0      2601.7370605    1418.9268799    2292.2607422  
1700.0      2612.5244141    1426.1634521    2293.5515137  
1720.0      2623.2814941    1433.3835449    2294.8322754  
1740.0      2634.0087891    1440.5870361    2296.1032715  
1760.0      2644.7067871    1447.7741699    2297.3645020  
1780.0      2655.3754883    1454.9454346    2298.6159668  
1800.0      2666.0161133    1462.1008301    2299.8583984  
1820.0      2676.6289062    1469.2408447    2301.4196777  
1840.0      2687.2148438    1476.3656006    2303.0119629  
1860.0      2697.7734375    1483.4754639    2304.5927734  
1880.0      2708.3051758    1490.5704346    2306.1621094  
1900.0      2718.8125000    1497.6513672    2307.7207031  
1920.0      2729.2941895    1504.7183838    2309.2685547  
1940.0      2739.7495117    1511.7702637    2310.8049316  
1960.0      2750.1818848    1518.8095703    2312.3315430  
1980.0      2760.5891113    1525.8347168    2313.8471680  
2000.0      2770.9729004    1532.8465576    2315.3530273  
2020.0      2782.8852539    1541.2636719    2316.8488770  
2040.0      2794.7744141    1550.3076172    2318.3347168  
2060.0      2806.6408691    1562.7812500    2319.8110352  
2080.0      2818.4853516    1575.2199707    2321.2778320  
2100.0      2830.3081055    1587.6239014    2322.7351074  
2120.0      2842.1088867    1599.9931641    2324.1831055  
2140.0      2853.8886719    1612.3299561    2325.6223145  
2160.0      2865.6477051    1624.6331787    2327.0524902  
2180.0      2877.3864746    1636.9041748    2328.4738770  
2200.0      2889.1047363    1649.1425781    2329.8864746  
2220.0      2900.8027344    1661.3486328    2331.2905273  
2240.0      2912.4824219    1673.5257568    2332.6865234  
2260.0      2924.1416016    1685.6699219    2334.0737305  
2280.0      2935.7822266    1697.7845459    2335.4531250  
2300.0      2947.4040527    1709.8687744    2336.8242188  
2320.0      2959.0070801    1721.9238281    2338.1877441  
2340.0      2973.9660645    1733.9495850    2339.5432129  
2360.0      2990.9267578    1745.9462891    2340.8908691  
2380.0      3007.8395996    1757.9152832    2342.2312012  
2400.0      3024.7048340    1769.8557129    2343.5639648  
2420.0      3041.5231934    1781.7686768    2344.8894043  
2440.0      3058.2951660    1793.6539307    2346.2072754  
2460.0      3075.0222168    1805.5128174    2347.5183105  
2480.0      3091.7041016    1817.3447266    2348.8220215  
2500.0      3108.3413086    1829.1501465    2350.1188965  
2520.0      3121.1230469    1836.4143066    2351.4089355  
2540.0      3133.8605957    1843.6517334    2352.6918945  
2560.0      3146.5559082    1850.8642578    2353.9682617  
2580.0      3159.2097168    1858.0520020    2355.2380371  
2600.0      3171.8217773    1865.2148438    2356.5012207  
2620.0      3184.3928223    1872.3532715    2357.7580566  
2640.0      3196.9233398    1879.4675293    2359.0085449  
2660.0      3209.4140625    1886.5576172    2360.2524414  
2680.0      3221.8662109    1893.6251221    2361.4904785  
2700.0      3234.2785645    1900.6683350    2362.7221680  
2720.0      3246.6525879    1907.6888428    2363.9477539  
2740.0      3258.9887695    1914.6865234    2365.1674805  
2760.0      3271.2875977    1921.6619873    2366.3813477  
2780.0      3283.5493164    1928.6147461    2367.5891113  
2800.0      3295.7744141    1935.5455322    2368.7912598  
2820.0      3307.9636230    1942.4550781    2369.9877930  
2840.0      3320.1162109    1949.3421631    2371.1784668  
2860.0      3332.2341309    1956.2086182    2372.3637695  
2880.0      3344.3173828    1963.0539551    2373.5434570  
2900.0      3356.3654785    1969.8780518    2374.7175293  
2920.0      3368.3798828    1976.6818848    2375.8864746  
2940.0      3380.3603516    1983.4649658    2377.0498047  
2960.0      3392.3076172    1990.2281494    2378.2082520  
2980.0      3404.2219238    1996.9714355    2379.3613281  
3000.0      3416.1040039    2003.6950684    2380.5092773  
3020.0      3427.9860840    2010.1694336    2381.6520996  
3040.0      3439.8364258    2016.6242676    2382.7897949  
3060.0      3451.6550293    2023.0600586    2383.9226074  
3080.0      3463.4426270    2029.4770508    2385.0505371  
3100.0      3475.1997070    2035.8752441    2386.1735840  
3120.0      3486.9260254    2042.2547607    2387.2917480  
3140.0      3498.6220703    2048.6159668    2388.4052734  
3160.0      3510.2878418    2054.9587402    2389.5139160  
3180.0      3521.9248047    2061.2836914    2390.6179199  
3200.0      3533.5317383    2067.5903320    2391.7172852  
3220.0      3545.1103516    2073.8798828    2392.8122559  
3240.0      3556.6599121    2080.1513672    2393.9023438  
3260.0      3568.1816406    2086.4060059    2394.9882812  
3280.0      3579.6750488    2092.6433105    2396.0698242  
3300.0      3591.1401367    2098.8632812    2397.1467285  
3320.0      3602.5791016    2105.0673828    2398.2197266  
3340.0      3613.9895020    2111.2536621    2399.2880859  
3360.0      3625.3732910    2117.4238281    2400.3520508  
3380.0      3636.7302246    2123.5771484    2401.4118652  
3400.0      3648.0610352    2129.7148438    2402.4677734  
3420.0      3659.3662109    2135.8364258    2403.5195312  
3440.0      3670.6442871    2141.9414062    2404.5668945  
3460.0      3681.8986816    2148.0319824    2405.6105957  
3480.0      3693.1267090    2154.1059570    2406.6501465  
3500.0      3704.3276367    2160.1635742    2407.6853027  
3520.0      3714.6064453    2165.2722168    2408.7167969  
3540.0      3724.8601074    2170.3654785    2409.7446289  
3560.0      3735.0895996    2175.4438477    2410.7683105  
3580.0      3745.2949219    2180.5073242    2411.7883301  
3600.0      3755.4770508    2185.5566406    2412.8046875  
3620.0      3765.6347656    2190.5905762    2413.8171387  
3640.0      3775.7668457    2195.6086426    2414.8256836  
3660.0      3785.8774414    2200.6132812    2415.8305664  
3680.0      3795.9655762    2205.6040039    2416.8320312  
3700.0      3806.0290527    2210.5793457    2417.8295898  
3720.0      3816.0705566    2215.5412598    2418.8237305  
3740.0      3826.0895996    2220.4892578    2419.8144531  
3760.0      3836.0866699    2225.4235840    2420.8015137  
3780.0      3846.0612793    2230.3439941    2421.7851562  
3800.0      3856.0139160    2235.2504883    2422.7651367  
3820.0      3865.9450684    2240.1440430    2423.7419434  
3840.0      3875.8547363    2245.0236816    2424.7150879  
3860.0      3885.7426758    2249.8901367    2425.6850586  
3880.0      3895.6096191    2254.7434082    2426.6516113  
3900.0      3905.4553223    2259.5830078    2427.6147461  
3920.0      3915.2805176    2264.4104004    2428.5747070  
3940.0      3925.0849609    2269.2243652    2429.5314941  
3960.0      3934.8691406    2274.0256348    2430.4848633  
3980.0      3944.6328125    2278.8144531    2431.4353027  
4000.0      3954.3759766    2283.5905762    2432.3823242  
4020.0      3967.5129395    2289.9038086    2433.3261719  
4040.0      3980.6306152    2296.2053223    2434.2670898  
4060.0      3993.7282715    2302.4941406    2435.2048340  
4080.0      4006.8066406    2308.7707520    2436.1394043  
4100.0      4019.8652344    2315.0351562    2437.0708008  
4120.0      4032.9047852    2321.2875977    2437.9995117  
4140.0      4045.9255371    2327.5280762    2438.9250488  
4160.0      4058.9274902    2333.7568359    2439.8476562  
4180.0      4071.9106445    2339.9733887    2440.7673340  
4200.0      4084.8754883    2346.1791992    2441.6840820  
4220.0      4097.8212891    2352.3725586    2442.5976562  
4240.0      4110.7500000    2358.5549316    2443.5087891  
4260.0      4123.6596680    2364.7253418    2444.4167480  
4280.0      4136.5512695    2370.8850098    2445.3220215  
4300.0      4149.4252930    2377.0332031    2446.2243652  
4320.0      4162.2817383    2383.1701660    2447.1240234  
4340.0      4175.1201172    2389.2954102    2448.0207520  
4360.0      4187.9418945    2395.4108887    2448.9150391  
4380.0      4200.7460938    2401.5144043    2449.8061523  
4400.0      4213.5332031    2407.6076660    2450.6948242  
4420.0      4226.3032227    2413.6904297    2451.5810547  
4440.0      4239.0566406    2419.7622070    2452.4643555  
4460.0      4251.7919922    2425.8225098    2453.3447266  
4480.0      4264.5122070    2431.8732910    2454.2229004  
4500.0      4277.2148438    2437.9130859    2455.0981445  
4520.0      4278.6289062    2437.6030273    2455.9709473  
4540.0      4280.0263672    2437.2829590    2456.8413086  
4560.0      4281.4077148    2436.9521484    2457.7089844  
4580.0      4291.3920898    2442.9150391    2459.9350586  
4600.0      4313.7832031    2457.9775391    2464.1201172  
4620.0      4335.4770508    2472.5639648    2468.1953125  
4640.0      4356.5180664    2486.7026367    2472.1672363  
4660.0      4376.9462891    2500.4221191    2476.0424805  
4680.0      4396.7988281    2513.7456055    2479.8266602  
4700.0      4416.1079102    2526.6958008    2483.5251465  
4720.0      4434.9096680    2539.2973633    2487.1435547  
4740.0      4453.2221680    2551.5615234    2490.6845703  
4760.0      4471.0800781    2563.5119629    2494.1540527  
4780.0      4488.5034180    2575.1625977    2497.5546875  
4800.0      4505.5136719    2585.5859375    2500.8901367  
4820.0      4522.1328125    2593.2099609    2504.1640625  
4840.0      4538.3745117    2600.6159668    2507.3781738  
4860.0      4554.2607422    2607.8164062    2510.5361328  
4880.0      4569.8066406    2614.8210449    2513.6403809  
4900.0      4585.0263672    2621.6367188    2516.6931152  
4920.0      4599.9345703    2628.2729492    2519.6967773  
4940.0      4614.5429688    2634.7358398    2522.6530762  
4960.0      4628.8657227    2641.0341797    2525.5642090  
4980.0      4642.9106445    2647.1716309    2528.4313965  
5000.0      4656.6928711    2653.1577148    2531.2573242  
