# CE_14036 -118.36820018 33.86878896
# 
# Depth (m)   Vp (m/s)        Vs(m/s)      Density(kg/m3)
   0.0       640.6400146     222.2399902    1966.1571045  
  20.0      1394.6560059     421.7774963    2085.2163086  
  40.0      1661.5500488     548.0000000    2127.3588867  
  60.0      1630.2199707     588.0000000    2122.4116211  
  80.0      1616.6044922     588.0000000    2120.2619629  
 100.0      1594.5075684     603.4699707    2116.7727051  
 120.0      1574.9178467     627.8599854    2113.6794434  
 140.0      1566.0877686     646.1400146    2112.2851562  
 160.0      1573.8105469     646.1400146    2113.5046387  
 180.0      1601.5161133     667.4799805    2117.8793945  
 200.0      1650.3588867     694.9099731    2125.5917969  
 220.0      1703.5928955     694.9099731    2133.9973145  
 240.0      1753.6932373     725.3900146    2141.9082031  
 260.0      1801.0843506     725.3900146    2149.3911133  
 280.0      1846.1042480     725.3900146    2156.5000000  
 300.0      1889.0295410     725.3900146    2163.2778320  
 320.0      1930.0880127     896.1640015    2169.7609863  
 340.0      1969.4699707     919.9474487    2175.9792480  
 360.0      2007.3370361     942.9573975    2181.9584961  
 380.0      2043.8267822     965.2594604    2187.7202148  
 400.0      2079.0583496     986.9107056    2193.2832031  
 420.0      1933.4985352     886.1131592    2222.0917969  
 440.0      1932.6567383     882.9135132    2226.0991211  
 460.0      1931.4523926     879.5290527    2229.9870605  
 480.0      1929.9107666     875.9712524    2233.7636719  
 500.0      1928.0559082     872.2524414    2237.4370117  
 520.0      1938.7275391     881.2445068    2241.0136719  
 540.0      1949.1241455     890.0931396    2244.4995117  
 560.0      1959.2639160     898.8078003    2247.9006348  
 580.0      1969.1601562     907.3946533    2251.2214355  
 600.0      1978.8281250     915.8612061    2254.4670410  
 620.0      1988.2792969     924.2131958    2257.6411133  
 640.0      1997.5260010     932.4565430    2260.7478027  
 660.0      2006.5783691     940.5965576    2263.7905273  
 680.0      2015.4460449     948.6378784    2266.7722168  
 700.0      2024.1386719     956.5849609    2269.6960449  
 720.0      2032.6635742     964.4420166    2272.5646973  
 740.0      2041.0289307     972.2129517    2275.3806152  
 760.0      2049.2416992     979.9012451    2278.1467285  
 780.0      2057.3085938     987.5103760    2280.8642578  
 800.0      2065.2360840     995.0431519    2283.5358887  
 820.0      2073.0292969    1002.5030518    2286.1633301  
 840.0      2080.6943359    1009.8924561    2288.7482910  
 860.0      2088.2360840    1017.2139282    2291.2927246  
 880.0      2095.6586914    1024.4699707    2293.7980957  
 900.0      2102.9672852    1031.6630859    2296.2656250  
 920.0      2110.1660156    1038.7952881    2298.6970215  
 940.0      2117.2583008    1045.8684082    2301.4216309  
 960.0      2124.2485352    1052.8845215    2304.4948730  
 980.0      2131.1398926    1059.8459473    2307.5253906  
1000.0      2137.9353027    1066.7534180    2310.5151367  
1020.0      2145.2839355    1074.9426270    2313.4650879  
1040.0      2152.5429688    1083.0820312    2316.3769531  
1060.0      2159.7155762    1094.3472900    2319.2514648  
1080.0      2166.8044434    1110.2485352    2322.0903320  
1100.0      2173.8120117    1126.0212402    2324.8942871  
1120.0      2180.7407227    1141.6688232    2327.6643066  
1140.0      2187.5932617    1157.1949463    2330.4016113  
1160.0      2194.3715820    1172.6031494    2333.1071777  
1180.0      2201.0776367    1187.8961182    2335.7817383  
1200.0      2207.7138672    1203.0770264    2338.4262695  
1220.0      2224.6850586    1218.8599854    2341.2048340  
1240.0      2266.5437012    1251.0893555    2347.7399902  
1260.0      2306.7543945    1282.2847900    2354.0148926  
1280.0      2345.4855957    1312.5500488    2360.0563965  
1300.0      2382.8857422    1341.9764404    2365.8874512  
1320.0      2419.0722656    1370.6364746    2371.5270996  
1340.0      2454.1533203    1398.5969238    2376.9921875  
1360.0      2488.2165527    1425.9118652    2382.2963867  
1380.0      2521.3432617    1452.6320801    2387.4528809  
1400.0      2553.6044922    1478.8018799    2392.4726562  
1420.0      2585.0615234    1504.4589844    2397.3654785  
1440.0      2615.7644043    1529.6342773    2402.1391602  
1460.0      2645.7700195    1554.3641357    2406.8027344  
1480.0      2675.1166992    1578.6718750    2411.3623047  
1500.0      2703.8461914    1602.5837402    2415.8244629  
1520.0      2734.3166504    1625.7923584    2420.1943359  
1540.0      2764.2409668    1648.6496582    2424.4780273  
1560.0      2793.6437988    1671.1710205    2428.6791992  
1580.0      2822.5524902    1693.3732910    2432.8024902  
1600.0      2850.9951172    1715.2750244    2436.8522949  
1620.0      2878.9914551    1736.8874512    2440.8315430  
1640.0      2906.5642090    1758.2255859    2444.7436523  
1660.0      2933.7309570    1779.3002930    2448.5917969  
1680.0      2960.5102539    1800.1236572    2452.3789062  
1700.0      2986.9201660    1820.7064209    2456.1076660  
1720.0      3012.9746094    1841.0577393    2459.7802734  
1740.0      3038.6887207    1861.1871338    2463.3991699  
1760.0      3064.0764160    1881.1033936    2466.9663086  
1780.0      3089.1491699    1900.8138428    2470.4838867  
1800.0      3113.9208984    1920.3275146    2473.9541016  
1820.0      3138.3989258    1939.6480713    2477.3776855  
1840.0      3162.5966797    1958.7850342    2480.7570801  
1860.0      3186.5239258    1977.7446289    2484.0937500  
1880.0      3210.1882324    1996.5312500    2487.3891602  
1900.0      3233.6008301    2015.1518555    2490.6445312  
1920.0      3256.7675781    2033.6103516    2493.8610840  
1940.0      3279.6975098    2051.9125977    2497.0402832  
1960.0      3302.3974609    2069.8686523    2500.1831055  
1980.0      3324.8754883    2084.5822754    2503.2910156  
2000.0      3395.4389648    2127.0578613    2513.9916992  
2020.0      3538.4291992    2210.6796875    2534.9655762  
2040.0      4044.4494629    2318.4155273    2613.2619629  
2060.0      4056.6506348    2326.7946777    2613.5844727  
2080.0      4068.8505859    2335.1735840    2613.9064941  
2100.0      4081.0512695    2343.5527344    2614.2287598  
2120.0      4093.2517090    2351.9318848    2614.5510254  
2140.0      4105.4521484    2360.3110352    2614.8732910  
2160.0      4117.6528320    2368.6904297    2615.1955566  
2180.0      4129.8535156    2377.0693359    2615.5180664  
2200.0      4142.0541992    2385.4484863    2615.8403320  
2220.0      4154.2543945    2393.8273926    2616.1625977  
2240.0      4166.4545898    2402.2065430    2616.4846191  
2260.0      4178.6552734    2410.5856934    2616.8068848  
2280.0      4190.8559570    2418.9648438    2617.1291504  
2300.0      4203.0561523    2427.3437500    2617.4514160  
2320.0      4215.2568359    2435.7229004    2617.7739258  
2340.0      4227.4575195    2444.1018066    2618.0961914  
2360.0      4239.6582031    2452.4812012    2618.4184570  
2380.0      4251.8579102    2460.8601074    2618.7404785  
2400.0      4264.0590820    2469.2392578    2619.0629883  
2420.0      4276.2592773    2477.6184082    2619.3850098  
2440.0      4288.4604492    2485.9975586    2619.7075195  
2460.0      4300.6601562    2494.3764648    2620.0297852  
2480.0      4312.8608398    2502.7558594    2620.3520508  
2500.0      4325.0615234    2511.1347656    2620.6743164  
2520.0      4329.3266602    2512.7473145    2620.9965820  
2540.0      4333.5908203    2514.3598633    2621.3188477  
2560.0      4337.8554688    2515.9721680    2621.6411133  
2580.0      4342.1191406    2517.5844727    2621.9631348  
2600.0      4346.3842773    2519.1970215    2622.2856445  
2620.0      4350.6484375    2520.8093262    2622.6079102  
2640.0      4354.9130859    2522.4218750    2622.9301758  
2660.0      4359.1777344    2524.0344238    2623.2524414  
2680.0      4363.4423828    2525.6469727    2623.5747070  
2700.0      4367.7070312    2527.2595215    2623.8969727  
2720.0      4371.9716797    2528.8718262    2624.2192383  
2740.0      4376.2363281    2530.4846191    2624.5415039  
2760.0      4380.5009766    2532.0966797    2624.8637695  
2780.0      4384.7651367    2533.7092285    2625.1860352  
2800.0      4389.0292969    2535.3217773    2625.5083008  
2820.0      4393.2944336    2536.9343262    2625.8305664  
2840.0      4397.5585938    2538.5468750    2626.1528320  
2860.0      4401.8237305    2540.1594238    2626.4750977  
2880.0      4406.0878906    2541.7717285    2626.7973633  
2900.0      4410.3530273    2543.3842773    2627.1196289  
2920.0      4414.6171875    2544.9963379    2627.4418945  
2940.0      4418.8818359    2546.6088867    2627.7641602  
2960.0      4423.1459961    2548.2211914    2628.0864258  
2980.0      4427.4101562    2549.8339844    2628.4086914  
3000.0      4431.6748047    2551.4462891    2628.7309570  
3020.0      4438.3032227    2554.2685547    2629.0532227  
3040.0      4444.9311523    2557.0903320    2629.3754883  
3060.0      4451.5590820    2559.9125977    2629.6977539  
3080.0      4458.1870117    2562.7348633    2630.0200195  
3100.0      4464.8149414    2565.5568848    2630.3422852  
3120.0      4471.4428711    2568.3791504    2630.6645508  
3140.0      4478.0712891    2571.2009277    2630.9868164  
3160.0      4484.6992188    2574.0229492    2631.3090820  
3180.0      4491.3271484    2576.8452148    2631.6313477  
3200.0      4497.9550781    2579.6672363    2631.9536133  
3220.0      4504.5825195    2582.4895020    2632.2758789  
3240.0      4511.2104492    2585.3115234    2632.5981445  
3260.0      4517.8388672    2588.1337891    2632.9204102  
3280.0      4524.4667969    2590.9555664    2633.2426758  
3300.0      4531.0947266    2593.7778320    2633.5649414  
3320.0      4537.7226562    2596.5998535    2633.8872070  
3340.0      4544.3500977    2599.4218750    2634.2094727  
3360.0      4550.9790039    2602.2441406    2634.5317383  
3380.0      4557.6064453    2605.0661621    2634.8540039  
3400.0      4564.2343750    2607.8881836    2635.1762695  
3420.0      4570.8623047    2610.7104492    2635.4985352  
3440.0      4577.4902344    2613.5324707    2635.8208008  
3460.0      4584.1181641    2616.3544922    2636.1430664  
3480.0      4590.7465820    2619.1765137    2636.4653320  
3500.0      4597.3745117    2621.9987793    2636.7875977  
3520.0      4605.8808594    2625.6567383    2637.1098633  
3540.0      4614.3872070    2629.3142090    2637.4321289  
3560.0      4622.8935547    2632.9721680    2637.7543945  
3580.0      4631.3994141    2636.6298828    2638.0766602  
3600.0      4639.9062500    2640.2875977    2638.3989258  
3620.0      4648.4125977    2643.9453125    2638.7211914  
3640.0      4656.9189453    2647.6030273    2639.0434570  
3660.0      4665.4252930    2651.2609863    2639.3657227  
3680.0      4673.9316406    2654.9187012    2639.6879883  
3700.0      4682.4379883    2658.5764160    2640.0102539  
3720.0      4690.9443359    2662.2343750    2640.3325195  
3740.0      4699.4506836    2665.8918457    2640.6547852  
3760.0      4707.9570312    2669.5498047    2640.9770508  
3780.0      4716.4633789    2673.2075195    2641.2993164  
3800.0      4724.9697266    2676.8654785    2641.6215820  
3820.0      4733.4760742    2680.5229492    2641.9438477  
3840.0      4741.9824219    2684.1809082    2642.2661133  
3860.0      4750.4887695    2687.8383789    2642.5883789  
3880.0      4758.9956055    2691.4963379    2642.9106445  
3900.0      4767.5019531    2695.1540527    2643.2329102  
3920.0      4776.0083008    2698.8120117    2643.5551758  
3940.0      4784.5146484    2702.4697266    2643.8774414  
3960.0      4793.0205078    2706.1274414    2644.1997070  
3980.0      4801.5273438    2709.7851562    2644.5219727  
4000.0      4810.0332031    2713.4431152    2644.8442383  
4020.0      4819.5527344    2718.0483398    2645.1665039  
4040.0      4829.0717773    2722.6538086    2645.4887695  
4060.0      4838.5913086    2727.2592773    2645.8110352  
4080.0      4848.1103516    2731.8645020    2646.1333008  
4100.0      4857.6289062    2736.4697266    2646.4555664  
4120.0      4867.1489258    2741.0751953    2646.7778320  
4140.0      4876.6674805    2745.6804199    2647.1000977  
4160.0      4886.1870117    2750.2858887    2647.4223633  
4180.0      4895.7060547    2754.8913574    2647.7446289  
4200.0      4905.2250977    2759.4965820    2648.0668945  
4220.0      4914.7441406    2764.1020508    2648.3891602  
4240.0      4924.2636719    2768.7072754    2648.7114258  
4260.0      4933.7827148    2773.3127441    2649.0336914  
4280.0      4943.3017578    2777.9179688    2649.3559570  
4300.0      4952.8208008    2782.5236816    2649.6782227  
4320.0      4962.3403320    2787.1289062    2650.0007324  
4340.0      4971.8588867    2791.7341309    2650.3227539  
4360.0      4981.3784180    2796.3398438    2650.6450195  
4380.0      4990.8979492    2800.9450684    2650.9675293  
4400.0      5000.4169922    2805.5505371    2651.2897949  
4420.0      5009.9360352    2810.1557617    2651.6118164  
4440.0      5019.4550781    2814.7609863    2651.9340820  
4460.0      5028.9741211    2819.3664551    2652.2565918  
4480.0      5038.4936523    2823.9719238    2652.5788574  
4500.0      5048.0126953    2828.5771484    2652.9011230  
4520.0      5061.5332031    2838.0644531    2653.2233887  
4540.0      5075.0532227    2847.5517578    2653.5454102  
4560.0      5088.5732422    2857.0388184    2653.8676758  
4580.0      5102.0942383    2866.5261230    2654.1901855  
4600.0      5115.6142578    2876.0134277    2654.5124512  
4620.0      5129.1347656    2885.5007324    2654.8347168  
4640.0      5142.6547852    2894.9882812    2655.1569824  
4660.0      5156.1752930    2904.4753418    2655.4792480  
4680.0      5169.6958008    2913.9624023    2655.8015137  
4700.0      5183.2163086    2923.4499512    2656.1237793  
4720.0      5196.7358398    2932.9370117    2656.4458008  
4740.0      5210.2563477    2942.4243164    2656.7683105  
4760.0      5223.7773438    2951.9113770    2657.0905762  
4780.0      5237.2973633    2961.3986816    2657.4128418  
4800.0      5250.8173828    2970.8859863    2657.7351074  
4820.0      5264.3378906    2980.3730469    2658.0573730  
4840.0      5277.8583984    2989.8603516    2658.3796387  
4860.0      5291.3784180    2999.3476562    2658.7016602  
4880.0      5304.8989258    3008.8349609    2659.0241699  
4900.0      5318.4194336    3018.3225098    2659.3464355  
4920.0      5331.9394531    3027.8098145    2659.6687012  
4940.0      5345.4604492    3037.2968750    2659.9909668  
4960.0      5358.9804688    3046.7841797    2660.3132324  
4980.0      5372.5004883    3056.2714844    2660.6354980  
5000.0      5386.0209961    3065.7585449    2660.9577637  
