# CE_24110 -118.05772754 34.10863228
# 
# Depth (m)   Vp (m/s)        Vs(m/s)      Density(kg/m3)
   0.0       360.8139954     188.9669952    1921.9725342  
  20.0      1921.5999756     393.1542053    2168.4206543  
  40.0      1910.7335205     495.6221924    2166.7048340  
  60.0      1881.7486572     599.2492065    2162.1281738  
  80.0      1845.0778809     641.9191895    2156.3378906  
 100.0      1808.4731445     702.8762207    2150.5578613  
 120.0      1777.9504395     745.5462036    2145.7382812  
 140.0      1758.1208496     792.5991821    2142.6074219  
 160.0      1752.3099365     790.7364502    2141.6896973  
 180.0      1762.6213379     796.7621460    2143.3178711  
 200.0      1789.9875488     812.8086548    2147.6391602  
 220.0      1847.2872314     846.6593018    2156.6867676  
 240.0      1901.2363281     878.8365479    2165.2053223  
 260.0      1952.2864990     909.5516357    2173.2661133  
 280.0      2000.7971191     938.9736938    2180.9257812  
 300.0      2047.0640869     965.2962036    2188.2314453  
 320.0      2091.3286133     994.4782104    2195.2207031  
 340.0      2310.4638672    1184.0443115    2224.6000977  
 360.0      2317.4338379    1190.3892822    2229.5578613  
 380.0      2323.8591309    1196.4550781    2234.3359375  
 400.0      2329.7868652    1202.2639160    2238.9499512  
 420.0      2335.2580566    1207.8363037    2243.4133301  
 440.0      2340.3071289    1213.1884766    2247.7377930  
 460.0      2344.9663086    1218.3360596    2251.9333496  
 480.0      2349.2636719    1223.2924805    2256.0097656  
 500.0      2353.2231445    1228.0703125    2259.9746094  
 520.0      2367.2160645    1238.7380371    2263.8356934  
 540.0      2380.9135742    1249.2480469    2267.5993652  
 560.0      2394.3325195    1259.6083984    2271.2709961  
 580.0      2407.4912109    1269.8284912    2274.8569336  
 600.0      2420.4035645    1279.9149170    2278.3615723  
 620.0      2433.0827637    1289.8750000    2281.7893066  
 640.0      2445.5407715    1299.7143555    2285.1440430  
 660.0      2457.7900391    1309.4393311    2288.4301758  
 680.0      2469.8403320    1319.0551758    2291.6503906  
 700.0      2481.7014160    1328.5667725    2294.8085938  
 720.0      2493.3825684    1337.9786377    2297.9072266  
 740.0      2504.8916016    1347.2950439    2301.2343750  
 760.0      2516.2360840    1356.5197754    2305.1206055  
 780.0      2527.4233398    1365.6571045    2308.9392090  
 800.0      2538.4599609    1374.7098389    2312.6931152  
 820.0      2549.3520508    1383.6816406    2316.3852539  
 840.0      2560.1057129    1397.8704834    2320.0180664  
 860.0      2570.7263184    1416.5939941    2323.5937500  
 880.0      2581.2192383    1435.1143799    2327.1142578  
 900.0      2591.5886230    1453.4395752    2330.5822754  
 920.0      2601.8393555    1471.5748291    2333.9990234  
 940.0      2611.9755859    1489.5279541    2337.3669434  
 960.0      2629.9548340    1507.3040771    2340.6875000  
 980.0      2652.9790039    1524.9095459    2343.9624023  
1000.0      2675.7229004    1542.3489990    2347.1928711  
1020.0      2701.0134277    1560.3395996    2350.3808594  
1040.0      2726.0419922    1578.1743164    2353.5273438  
1060.0      2750.8173828    1595.8583984    2356.6340332  
1080.0      2775.3471680    1613.3952637    2359.7016602  
1100.0      2799.6396484    1630.7907715    2362.7321777  
1120.0      2823.6994629    1648.0460205    2365.7255859  
1140.0      2847.5366211    1665.1682129    2368.6840820  
1160.0      2871.1555176    1682.1584473    2371.6081543  
1180.0      2894.5632324    1699.0216064    2374.4987793  
1200.0      2917.7661133    1715.7606201    2377.3569336  
1220.0      2600.1235352    1440.8536377    2305.2770996  
1240.0      2602.5571289    1443.1397705    2304.1330566  
1260.0      2604.4382324    1445.0667725    2302.7519531  
1280.0      2605.7426758    1446.6203613    2301.1235352  
1300.0      2606.4458008    1447.7854004    2299.4135742  
1320.0      2606.5209961    1448.5461426    2297.7563477  
1340.0      2605.9404297    1448.8863525    2295.8828125  
1360.0      2604.6740723    1448.7888184    2293.7832031  
1380.0      2602.6909180    1448.2359619    2291.4470215  
1400.0      2604.3369141    1450.0327148    2290.3076172  
1420.0      2614.7729492    1457.5054932    2292.0668945  
1440.0      2623.4367676    1463.8364258    2293.2414551  
1460.0      2630.4128418    1469.0773926    2293.8598633  
1480.0      2635.7614746    1473.2650146    2293.9414062  
1500.0      2639.5241699    1476.4262695    2293.5000000  
1520.0      2640.3330078    1476.6312256    2292.5434570  
1540.0      2639.5895996    1475.8350830    2291.0747070  
1560.0      2637.2941895    1474.0421143    2289.0942383  
1580.0      2633.4353027    1471.2506104    2286.5981445  
1600.0      2631.9382324    1469.9862061    2284.8808594  
1620.0      2649.2163086    1480.7961426    2289.3547363  
1640.0      2666.1293945    1491.4056396    2293.7084961  
1660.0      2682.7050781    1501.8292236    2297.9506836  
1680.0      2698.9655762    1512.0781250    2302.7172852  
1700.0      2714.9301758    1522.1628418    2307.9731445  
1720.0      2730.6196289    1532.0946045    2313.1110840  
1740.0      2746.0498047    1541.9770508    2318.1376953  
1760.0      2761.2360840    1565.2520752    2323.0598145  
1780.0      2776.1923828    1588.1652832    2327.8833008  
1800.0      2790.9306641    1610.7355957    2332.6132812  
1820.0      2805.4626465    1632.9799805    2337.2546387  
1840.0      2832.2534180    1654.9150391    2341.8122559  
1860.0      2864.3220215    1676.5546875    2346.2900391  
1880.0      2895.9086914    1697.9121094    2350.6916504  
1900.0      2927.0368652    1719.0003662    2355.0209961  
1920.0      2957.7268066    1739.8309326    2359.2810059  
1940.0      2987.9965820    1760.4139404    2363.4746094  
1960.0      3017.8652344    1780.7598877    2367.6049805  
1980.0      3047.3491211    1800.8784180    2371.6745605  
2000.0      3076.4633789    1820.7772217    2375.6857910  
2020.0      3116.4189453    1849.0966797    2381.4792480  
2040.0      3168.7231445    1886.2248535    2389.2226562  
2060.0      3219.2824707    1922.2546387    2396.6904297  
2080.0      3268.2607422    1957.2862549    2403.9084473  
2100.0      3315.7873535    1991.3986816    2410.8974609  
2120.0      3361.9812012    2024.6639404    2417.6757812  
2140.0      3406.9462891    2057.1467285    2424.2602539  
2160.0      4854.5327148    2605.8735352    2652.3188477  
2180.0      4862.8945312    2614.0932617    2653.1235352  
2200.0      4871.2578125    2622.3134766    2653.9287109  
2220.0      4879.6196289    2630.5334473    2654.7333984  
2240.0      4887.9824219    2638.7536621    2655.5383301  
2260.0      4896.3447266    2646.9736328    2656.3432617  
2280.0      4904.7075195    2655.1940918    2657.1481934  
2300.0      4913.0698242    2663.4138184    2657.9531250  
2320.0      4921.4326172    2671.6342773    2658.7580566  
2340.0      4929.7949219    2679.8542480    2659.5629883  
2360.0      4938.1577148    2688.0742188    2660.3676758  
2380.0      4946.5200195    2696.2944336    2661.1726074  
2400.0      4954.8828125    2704.5146484    2661.9775391  
2420.0      4963.2451172    2712.7346191    2662.7824707  
2440.0      4971.6079102    2720.9550781    2663.5874023  
2460.0      4979.9707031    2729.1748047    2664.3923340  
2480.0      4988.3330078    2737.3950195    2665.1972656  
2500.0      4996.6958008    2745.6149902    2666.0021973  
2520.0      4997.8476562    2746.9836426    2666.8071289  
2540.0      4998.9995117    2748.3522949    2667.6120605  
2560.0      5000.1513672    2749.7204590    2668.4169922  
2580.0      5001.3032227    2751.0888672    2669.2216797  
2600.0      5002.4550781    2752.4575195    2670.0268555  
2620.0      5003.6069336    2753.8259277    2670.8315430  
2640.0      5004.7587891    2755.1945801    2671.6364746  
2660.0      5005.9106445    2756.5632324    2672.4414062  
2680.0      5007.0629883    2757.9316406    2673.2463379  
2700.0      5008.2148438    2759.3000488    2674.0512695  
2720.0      5009.3666992    2760.6684570    2674.8562012  
2740.0      5010.5190430    2762.0368652    2675.6611328  
2760.0      5011.6708984    2763.4055176    2676.4660645  
2780.0      5012.8227539    2764.7739258    2677.2709961  
2800.0      5013.9746094    2766.1425781    2678.0756836  
2820.0      5015.1264648    2767.5109863    2678.8806152  
2840.0      5016.2783203    2768.8791504    2679.6855469  
2860.0      5017.4311523    2770.2478027    2680.4907227  
2880.0      5018.5825195    2771.6162109    2681.2954102  
2900.0      5019.7343750    2772.9848633    2682.1003418  
2920.0      5020.8862305    2774.3535156    2682.9052734  
2940.0      5022.0380859    2775.7219238    2683.7102051  
2960.0      5023.1899414    2777.0903320    2684.5151367  
2980.0      5024.3422852    2778.4589844    2685.3200684  
3000.0      5025.4941406    2779.8271484    2686.1250000  
3020.0      5025.6308594    2781.8759766    2686.9296875  
3040.0      5025.7680664    2783.9248047    2687.7348633  
3060.0      5025.9052734    2785.9733887    2688.5395508  
3080.0      5026.0419922    2788.0222168    2689.3447266  
3100.0      5026.1791992    2790.0705566    2690.1494141  
3120.0      5026.3159180    2792.1191406    2690.9543457  
3140.0      5026.4531250    2794.1679688    2691.7592773  
3160.0      5026.5898438    2796.2167969    2692.5642090  
3180.0      5026.7265625    2798.2653809    2693.3691406  
3200.0      5026.8632812    2800.3139648    2694.1738281  
3220.0      5027.0000000    2802.3625488    2694.9790039  
3240.0      5027.1372070    2804.4113770    2695.7836914  
3260.0      5027.2739258    2806.4599609    2696.5886230  
3280.0      5027.4111328    2808.5085449    2697.3935547  
3300.0      5027.5483398    2810.5573730    2698.1984863  
3320.0      5027.6850586    2812.6062012    2699.0034180  
3340.0      5027.8222656    2814.6547852    2699.8083496  
3360.0      5027.9589844    2816.7033691    2700.6132812  
3380.0      5028.0961914    2818.7521973    2701.4182129  
3400.0      5028.2333984    2820.8005371    2702.2231445  
3420.0      5028.3696289    2822.8493652    2703.0280762  
3440.0      5028.5068359    2824.8981934    2703.8330078  
3460.0      5028.6435547    2826.9465332    2704.6376953  
3480.0      5028.7807617    2828.9956055    2705.4428711  
3500.0      5028.9174805    2831.0439453    2706.2475586  
3520.0      5036.2851562    2835.7536621    2707.0527344  
3540.0      5043.6523438    2840.4636230    2707.8574219  
3560.0      5051.0195312    2845.1735840    2708.6623535  
3580.0      5058.3872070    2849.8835449    2709.4672852  
3600.0      5065.7543945    2854.5932617    2710.2722168  
3620.0      5073.1220703    2859.3032227    2711.0771484  
3640.0      5080.4897461    2864.0126953    2711.8820801  
3660.0      5087.8569336    2868.7229004    2712.6870117  
3680.0      5095.2246094    2873.4323730    2713.4919434  
3700.0      5102.5917969    2878.1423340    2714.2968750  
3720.0      5109.9594727    2882.8520508    2715.1015625  
3740.0      5117.3266602    2887.5620117    2715.9064941  
3760.0      5124.6938477    2892.2717285    2716.7114258  
3780.0      5132.0615234    2896.9814453    2717.5163574  
3800.0      5139.4287109    2901.6914062    2718.3212891  
3820.0      5146.7963867    2906.4013672    2719.1262207  
3840.0      5154.1640625    2911.1110840    2719.9311523  
3860.0      5161.5307617    2915.8210449    2720.7360840  
3880.0      5168.8984375    2920.5310059    2721.5410156  
3900.0      5176.2661133    2925.2404785    2722.3457031  
3920.0      5183.6333008    2929.9504395    2723.1508789  
3940.0      5191.0009766    2934.6604004    2723.9555664  
3960.0      5198.3681641    2939.3701172    2724.7607422  
3980.0      5205.7358398    2944.0800781    2725.5654297  
4000.0      5213.1035156    2948.7895508    2726.3703613  
4020.0      5219.3618164    2952.9501953    2727.1752930  
4040.0      5225.6206055    2957.1105957    2727.9802246  
4060.0      5231.8793945    2961.2712402    2728.7851562  
4080.0      5238.1381836    2965.4318848    2729.5900879  
4100.0      5244.3974609    2969.5922852    2730.3950195  
4120.0      5250.6562500    2973.7529297    2731.1999512  
4140.0      5256.9145508    2977.9133301    2732.0046387  
4160.0      5263.1738281    2982.0737305    2732.8095703  
4180.0      5269.4321289    2986.2343750    2733.6145020  
4200.0      5275.6918945    2990.3947754    2734.4194336  
4220.0      5281.9506836    2994.5554199    2735.2246094  
4240.0      5288.2089844    2998.7160645    2736.0292969  
4260.0      5294.4672852    3002.8764648    2736.8342285  
4280.0      5300.7260742    3007.0368652    2737.6391602  
4300.0      5306.9858398    3011.1975098    2738.4440918  
4320.0      5313.2446289    3015.3581543    2739.2490234  
4340.0      5319.5029297    3019.5185547    2740.0537109  
4360.0      5325.7617188    3023.6789551    2740.8588867  
4380.0      5332.0205078    3027.8395996    2741.6635742  
4400.0      5338.2797852    3032.0000000    2742.4687500  
4420.0      5344.5385742    3036.1606445    2743.2734375  
4440.0      5350.7973633    3040.3210449    2744.0783691  
4460.0      5357.0556641    3044.4814453    2744.8833008  
4480.0      5363.3144531    3048.6420898    2745.6882324  
4500.0      5369.5737305    3052.8027344    2746.4931641  
4520.0      5380.0283203    3060.7797852    2747.2980957  
4540.0      5390.4833984    3068.7570801    2748.1030273  
4560.0      5400.9384766    3076.7343750    2748.9079590  
4580.0      5411.3935547    3084.7114258    2749.7128906  
4600.0      5421.8486328    3092.6889648    2750.5175781  
4620.0      5432.3032227    3100.6660156    2751.3227539  
4640.0      5442.7583008    3108.6433105    2752.1274414  
4660.0      5453.2133789    3116.6203613    2752.9326172  
4680.0      5463.6679688    3124.5976562    2753.7373047  
4700.0      5474.1225586    3132.5747070    2754.5422363  
4720.0      5484.5771484    3140.5520020    2755.3471680  
4740.0      5495.0327148    3148.5292969    2756.1520996  
4760.0      5505.4877930    3156.5065918    2756.9570312  
4780.0      5515.9423828    3164.4836426    2757.7617188  
4800.0      5526.3974609    3172.4609375    2758.5668945  
4820.0      5536.8520508    3180.4382324    2759.3715820  
4840.0      5547.3071289    3188.4152832    2760.1767578  
4860.0      5557.7622070    3196.3925781    2760.9814453  
4880.0      5568.2172852    3204.3698730    2761.7863770  
4900.0      5578.6718750    3212.3469238    2762.5913086  
4920.0      5589.1264648    3220.3244629    2763.3962402  
4940.0      5599.5820312    3228.3015137    2764.2011719  
4960.0      5610.0366211    3236.2785645    2765.0061035  
4980.0      5620.4916992    3244.2558594    2765.8110352  
5000.0      5630.9467773    3252.2331543    2766.6159668  
