# CE_13197 -117.99735211 33.66237347
# 
# Depth (m)   Vp (m/s)        Vs(m/s)      Density(kg/m3)
   0.0       548.2565308     170.4550018    1951.5697021  
  20.0      1605.1437988     382.0400085    2118.4521484  
  40.0      1689.5057373     475.6400146    2131.7729492  
  60.0      1630.2340088     588.0000000    2122.4140625  
  80.0      1617.1564941     588.0000000    2120.3491211  
 100.0      1596.4807129     603.4699707    2117.0842285  
 120.0      1579.2611084     627.8599854    2114.3652344  
 140.0      1573.7360840     646.1400146    2113.4929199  
 160.0      1585.6142578     646.1400146    2115.3684082  
 180.0      1618.1789551     667.4799805    2120.5104980  
 200.0      1672.3869629     694.9099731    2129.0698242  
 220.0      1726.3355713     694.9099731    2137.5883789  
 240.0      1777.1081543     725.3900146    2145.6054688  
 260.0      1825.1334229     725.3900146    2153.1884766  
 280.0      1870.7557373     725.3900146    2160.3923340  
 300.0      1914.2565918     725.3900146    2167.2612305  
 320.0      1955.8648682     911.7140503    2173.8310547  
 340.0      1995.7741699     935.9167480    2180.1328125  
 360.0      2034.1488037     959.3322144    2186.1921387  
 380.0      2071.1259766     982.0259399    2192.0307617  
 400.0      1861.8881836     967.8743896    2221.3264160  
 420.0      1857.4924316     967.0733643    2225.5185547  
 440.0      1852.6990967     966.0698242    2229.5795898  
 460.0      1847.5382080     964.8776855    2233.5197754  
 480.0      1842.0358887     963.5095215    2237.3466797  
 500.0      1836.2150879     961.9766235    2241.0690918  
 520.0      1852.6733398     970.4227295    2244.6936035  
 540.0      1868.8522949     978.7232056    2248.2263184  
 560.0      1884.7705078     986.8864746    2251.6728516  
 580.0      1900.4423828     994.9201050    2255.0380859  
 600.0      1915.8824463    1002.8310547    2258.3271484  
 620.0      1931.1032715    1010.6257324    2261.5434570  
 640.0      1946.1166992    1018.3095703    2264.6918945  
 660.0      1960.9331055    1025.8881836    2267.7751465  
 680.0      1975.5627441    1033.3663330    2270.7968750  
 700.0      1990.0144043    1040.7484131    2273.7597656  
 720.0      2004.2961426    1048.0390625    2276.6667480  
 740.0      2018.4166260    1055.2419434    2279.5205078  
 760.0      2032.3823242    1062.3607178    2282.3234863  
 780.0      2046.2001953    1069.3989258    2285.0773926  
 800.0      2059.8767090    1076.3596191    2287.7846680  
 820.0      2073.4172363    1083.2457275    2290.4475098  
 840.0      2086.8281250    1090.0603027    2293.0668945  
 860.0      2100.1132812    1096.8056641    2295.6452637  
 880.0      2113.2783203    1103.4843750    2298.1840820  
 900.0      2126.3276367    1110.0991211    2300.8906250  
 920.0      2139.2656250    1116.6516113    2304.0952148  
 940.0      2152.0959473    1123.1441650    2307.2539062  
 960.0      2164.8225098    1129.5788574    2310.3679199  
 980.0      2177.4487305    1135.9572754    2313.4389648  
1000.0      2189.9787598    1142.2814941    2316.4687500  
1020.0      2203.5620117    1152.7027588    2319.4582520  
1040.0      2217.0549316    1167.4953613    2322.4089355  
1060.0      2230.4602051    1182.1492920    2325.3220215  
1080.0      2243.7805176    1196.6687012    2328.1987305  
1100.0      2257.0185547    1211.0572510    2331.0402832  
1120.0      2270.1765137    1225.3184814    2333.8474121  
1140.0      2288.0742188    1248.4460449    2338.6875000  
1160.0      2329.6484375    1274.6406250    2344.2158203  
1180.0      2370.2045898    1300.1745605    2349.5751953  
1200.0      2409.7773438    1325.0992432    2354.7795410  
1220.0      2448.4453125    1349.4622803    2359.8408203  
1240.0      2486.2712402    1373.3020020    2364.7695312  
1260.0      2523.3139648    1396.6533203    2369.5742188  
1280.0      2559.6313477    1419.5518799    2374.2644043  
1300.0      2595.2680664    1442.0250244    2378.8471680  
1320.0      2630.2639160    1464.0968018    2383.3288574  
1340.0      2664.6572266    1485.7905273    2387.7153320  
1360.0      2698.4853516    1507.1286621    2392.0124512  
1380.0      2731.7783203    1528.1303711    2396.2250977  
1400.0      2764.5627441    1548.8114014    2400.3576660  
1420.0      2796.8666992    1569.1888428    2404.4140625  
1440.0      2828.7109375    1589.2757568    2408.3981934  
1460.0      2860.1237793    1609.0893555    2412.3139648  
1480.0      2891.1162109    1628.6359863    2416.1635742  
1500.0      2921.7158203    1647.9331055    2419.9509277  
1520.0      2947.7929688    1665.8541260    2423.6782227  
1540.0      2973.5061035    1683.5432129    2427.3481445  
1560.0      2998.8750000    1701.0123291    2430.9633789  
1580.0      3023.9040527    1718.2644043    2434.5253906  
1600.0      3048.6162109    1735.3139648    2438.0371094  
1620.0      3073.0178223    1752.1638184    2441.4997559  
1640.0      3097.1232910    1768.8244629    2444.9157715  
1660.0      3120.9414062    1785.3001709    2448.2863770  
1680.0      3144.4824219    1801.5974121    2451.6132812  
1700.0      3167.7573242    1817.7233887    2454.8979492  
1720.0      3190.7734375    1833.6822510    2458.1420898  
1740.0      3213.5405273    1849.4804688    2461.3466797  
1760.0      3236.0668945    1865.1228027    2464.5131836  
1780.0      3258.3583984    1880.6132812    2467.6428223  
1800.0      3280.4238281    1895.9571533    2470.7368164  
1820.0      3302.2695312    1911.1582031    2473.7958984  
1840.0      3323.9023438    1926.2207031    2476.8212891  
1860.0      3345.3281250    1941.1488037    2479.8142090  
1880.0      3366.5522461    1955.9454346    2482.7753906  
1900.0      3387.5817871    1970.6149902    2485.7055664  
1920.0      3408.4208984    1985.1604004    2488.6057129  
1940.0      3429.0749512    1999.5848389    2491.4768066  
1960.0      3449.5488281    2013.8911133    2494.3193359  
1980.0      3469.8479004    2028.0830078    2497.1342773  
2000.0      3489.9760742    2042.1629639    2499.9223633  
2020.0      3511.5502930    2054.7360840    2502.6838379  
2040.0      3532.9624023    2067.1347656    2505.4199219  
2060.0      3554.2150879    2079.4414062    2508.1308594  
2080.0      3572.2390137    2089.8842773    2510.3317871  
2100.0      3588.2207031    2099.1477051    2512.2104492  
2120.0      3604.1303711    2108.3698730    2514.0776367  
2140.0      3619.9707031    2117.5517578    2515.9338379  
2160.0      3635.7451172    2126.6958008    2517.7795410  
2180.0      3651.4504395    2135.7998047    2519.6145020  
2200.0      3667.0939941    2144.8679199    2521.4396973  
2220.0      3682.6711426    2153.8979492    2523.2543945  
2240.0      3698.1840820    2162.8908691    2525.0588379  
2260.0      3713.6362305    2171.8486328    2526.8537598  
2280.0      3729.0229492    2180.7687988    2528.6384277  
2300.0      3744.3500977    2189.6545410    2530.4135742  
2320.0      3759.6164551    2198.5051270    2532.1791992  
2340.0      3774.8254395    2207.3222656    2533.9357910  
2360.0      3789.9714355    2216.1035156    2535.6823730  
2380.0      3805.0610352    2224.8520508    2537.4201660  
2400.0      3820.0952148    2233.5686035    2539.1489258  
2420.0      3835.0722656    2242.2521973    2540.8691406  
2440.0      3849.9931641    2250.9033203    2542.5800781  
2460.0      3864.8586426    2259.5224609    2544.2822266  
2480.0      3879.6716309    2268.1113281    2545.9763184  
2500.0      3894.4279785    2276.6672363    2547.6616211  
2520.0      3905.0541992    2281.4738770    2549.3383789  
2540.0      3915.6279297    2286.2497559    2551.0070801  
2560.0      3926.1496582    2290.9960938    2552.6674805  
2580.0      3936.6206055    2295.7126465    2554.3200684  
2600.0      3947.0415039    2300.4003906    2555.9645996  
2620.0      3957.4118652    2305.0593262    2557.6013184  
2640.0      3967.7333984    2309.6896973    2559.2299805  
2660.0      3978.0058594    2314.2919922    2560.8510742  
2680.0      3988.2316895    2318.8671875    2562.4648438  
2700.0      3998.4086914    2323.4143066    2564.0710449  
2720.0      4008.5388184    2327.9343262    2565.6696777  
2740.0      4018.6228027    2332.4274902    2567.2609863  
2760.0      4028.6611328    2336.8945312    2568.8452148  
2780.0      4038.6540527    2341.3354492    2570.4221191  
2800.0      4048.6020508    2345.7502441    2571.9921875  
2820.0      4058.5058594    2350.1396484    2573.5549316  
2840.0      4068.3669434    2354.5043945    2575.1110840  
2860.0      4078.1816406    2358.8422852    2576.6601562  
2880.0      4087.9555664    2363.1564941    2578.2023926  
2900.0      4097.6865234    2367.4460449    2579.7380371  
2920.0      4107.3759766    2371.7119141    2581.2670898  
2940.0      4117.0234375    2375.9528809    2582.7895508  
2960.0      4126.6303711    2380.1708984    2584.3056641  
2980.0      4136.1962891    2384.3652344    2585.8151855  
3000.0      4145.7231445    2388.5368652    2587.3183594  
3020.0      4154.5073242    2393.5595703    2588.8154297  
3040.0      4329.6411133    2354.8549805    2616.5791016  
3060.0      4333.4418945    2358.9111328    2617.2890625  
3080.0      4337.2431641    2362.9675293    2617.9992676  
3100.0      4341.0439453    2367.0239258    2618.7092285  
3120.0      4344.8447266    2371.0803223    2619.4194336  
3140.0      4348.6455078    2375.1364746    2620.1293945  
3160.0      4352.4462891    2379.1928711    2620.8395996  
3180.0      4356.2480469    2383.2490234    2621.5498047  
3200.0      4360.0483398    2387.3054199    2622.2597656  
3220.0      4363.8491211    2391.3618164    2622.9697266  
3240.0      4367.6499023    2395.4179688    2623.6799316  
3260.0      4371.4506836    2399.4746094    2624.3901367  
3280.0      4375.2519531    2403.5307617    2625.1000977  
3300.0      4379.0532227    2407.5869141    2625.8103027  
3320.0      4382.8540039    2411.6433105    2626.5202637  
3340.0      4386.6547852    2415.6994629    2627.2304688  
3360.0      4390.4555664    2419.7558594    2627.9404297  
3380.0      4394.2568359    2423.8122559    2628.6506348  
3400.0      4398.0576172    2427.8686523    2629.3608398  
3420.0      4401.8583984    2431.9248047    2630.0708008  
3440.0      4405.6591797    2435.9809570    2630.7807617  
3460.0      4409.4599609    2440.0375977    2631.4909668  
3480.0      4413.2612305    2444.0937500    2632.2011719  
3500.0      4417.0620117    2448.1501465    2632.9111328  
3520.0      4428.3403320    2454.3891602    2633.6213379  
3540.0      4439.6181641    2460.6284180    2634.3312988  
3560.0      4450.8964844    2466.8676758    2635.0415039  
3580.0      4462.1743164    2473.1069336    2635.7514648  
3600.0      4473.4526367    2479.3459473    2636.4614258  
3620.0      4484.7304688    2485.5852051    2637.1716309  
3640.0      4496.0087891    2491.8244629    2637.8818359  
3660.0      4507.2871094    2498.0634766    2638.5917969  
3680.0      4518.5654297    2504.3027344    2639.3020020  
3700.0      4529.8432617    2510.5419922    2640.0122070  
3720.0      4541.1215820    2516.7812500    2640.7221680  
3740.0      4552.3994141    2523.0202637    2641.4321289  
3760.0      4563.6777344    2529.2595215    2642.1423340  
3780.0      4574.9560547    2535.4985352    2642.8525391  
3800.0      4586.2338867    2541.7377930    2643.5625000  
3820.0      4597.5122070    2547.9770508    2644.2724609  
3840.0      4608.7900391    2554.2165527    2644.9826660  
3860.0      4620.0683594    2560.4555664    2645.6928711  
3880.0      4631.3461914    2566.6948242    2646.4028320  
3900.0      4642.6245117    2572.9338379    2647.1130371  
3920.0      4653.9023438    2579.1728516    2647.8229980  
3940.0      4665.1806641    2585.4121094    2648.5332031  
3960.0      4676.4584961    2591.6511230    2649.2431641  
3980.0      4687.7368164    2597.8906250    2649.9533691  
4000.0      4699.0146484    2604.1296387    2650.6633301  
4020.0      4711.7250977    2611.1062012    2651.3735352  
4040.0      4724.4350586    2618.0822754    2652.0834961  
4060.0      4737.1455078    2625.0585938    2652.7937012  
4080.0      4749.8554688    2632.0346680    2653.5036621  
4100.0      4762.5654297    2639.0107422    2654.2138672  
4120.0      4775.2758789    2645.9870605    2654.9238281  
4140.0      4787.9858398    2652.9633789    2655.6340332  
4160.0      4800.6958008    2659.9396973    2656.3442383  
4180.0      4813.4067383    2666.9160156    2657.0541992  
4200.0      4826.1166992    2673.8920898    2657.7644043  
4220.0      4838.8271484    2680.8684082    2658.4743652  
4240.0      4851.5366211    2687.8444824    2659.1845703  
4260.0      4864.2465820    2694.8208008    2659.8945312  
4280.0      4876.9570312    2701.7968750    2660.6044922  
4300.0      4889.6674805    2708.7729492    2661.3146973  
4320.0      4902.3774414    2715.7495117    2662.0249023  
4340.0      4915.0878906    2722.7258301    2662.7348633  
4360.0      4927.7973633    2729.7021484    2663.4448242  
4380.0      4940.5078125    2736.6782227    2664.1552734  
4400.0      4953.2177734    2743.6542969    2664.8652344  
4420.0      4965.9282227    2750.6306152    2665.5751953  
4440.0      4978.6386719    2757.6066895    2666.2854004  
4460.0      4991.3486328    2764.5830078    2666.9956055  
4480.0      5004.0585938    2771.5593262    2667.7055664  
4500.0      5016.7690430    2778.5354004    2668.4155273  
4520.0      5034.1479492    2790.8117676    2669.1257324  
4540.0      5051.5273438    2803.0876465    2669.8359375  
4560.0      5068.9067383    2815.3637695    2670.5458984  
4580.0      5086.2866211    2827.6396484    2671.2561035  
4600.0      5103.6655273    2839.9160156    2671.9660645  
4620.0      5121.0454102    2852.1916504    2672.6762695  
4640.0      5138.4243164    2864.4680176    2673.3862305  
4660.0      5155.8037109    2876.7438965    2674.0964355  
4680.0      5173.1826172    2889.0202637    2674.8063965  
4700.0      5190.5625000    2901.2963867    2675.5166016  
4720.0      5207.9418945    2913.5722656    2676.2265625  
4740.0      5225.3208008    2925.8483887    2676.9367676  
4760.0      5242.7001953    2938.1245117    2677.6469727  
4780.0      5260.0791016    2950.4003906    2678.3569336  
4800.0      5277.4584961    2962.6762695    2679.0668945  
4820.0      5294.8378906    2974.9526367    2679.7770996  
4840.0      5312.2177734    2987.2287598    2680.4873047  
4860.0      5329.5966797    2999.5048828    2681.1972656  
4880.0      5346.9760742    3011.7807617    2681.9074707  
4900.0      5364.3554688    3024.0568848    2682.6174316  
4920.0      5381.7348633    3036.3327637    2683.3276367  
4940.0      5399.1142578    3048.6088867    2684.0375977  
4960.0      5416.4936523    3060.8847656    2684.7478027  
4980.0      5433.8725586    3073.1611328    2685.4577637  
5000.0      5451.2519531    3085.4370117    2686.1679688  
