# CE_14403 -118.26105816 33.92906415
# 
# Depth (m)   Vp (m/s)        Vs(m/s)      Density(kg/m3)
   0.0       655.7374878     182.1750031    1968.5410156  
  20.0      1390.2010498     416.5050049    2084.5126953  
  40.0      1661.5500488     505.1199951    2127.3588867  
  60.0      1630.0590820     548.4699707    2122.3862305  
  80.0      1610.0693359     571.9200439    2119.2299805  
 100.0      1570.7369385     595.6075439    2113.0192871  
 120.0      1521.9780273     618.5268555    2105.3203125  
 140.0      1472.0808105     630.6831055    2097.4416504  
 160.0      1427.8189697     607.1846313    2090.4526367  
 180.0      1394.4160156     588.9985352    2085.1782227  
 200.0      1375.4965820     578.7603760    2082.1909180  
 220.0      1418.9177246     602.3247070    2089.0471191  
 240.0      1459.8325195     624.7444458    2095.5075684  
 260.0      1498.5725098     646.1610107    2101.6245117  
 280.0      1535.4053955     666.6903687    2107.4404297  
 300.0      1570.5515137     686.4287109    2112.9899902  
 320.0      1604.1905518     705.4546509    2118.3017578  
 340.0      1636.4746094     723.8356323    2123.3994141  
 360.0      1667.5321045     741.6283569    2128.3032227  
 380.0      1697.4736328     758.8829956    2133.0310059  
 400.0      1726.3945312     775.6423340    2137.5976562  
 420.0      1754.3781738     791.9442749    2142.0163574  
 440.0      1781.4949951     807.8204346    2146.2980957  
 460.0      1807.8101807     823.3011475    2150.4531250  
 480.0      1833.3822021     838.4135742    2154.4909668  
 500.0      1858.2593994     853.1796265    2158.4191895  
 520.0      1882.4876709     867.6209717    2162.2448730  
 540.0      1906.1072998     881.7561035    2165.9743652  
 560.0      1929.1561279     895.6029663    2169.6137695  
 580.0      1951.6667480     909.1771240    2173.1682129  
 600.0      1973.6701660     922.4929810    2176.6425781  
 620.0      1995.1923828     935.5629883    2180.0410156  
 640.0      2016.2602539     948.3995361    2183.3674316  
 660.0      2036.8977051     961.0149536    2186.6262207  
 680.0      2057.1254883     973.4185181    2189.8200684  
 700.0      2076.9616699     985.6188965    2192.9521484  
 720.0      2096.4272461     997.6270752    2196.0258789  
 740.0      2315.5400391    1168.6485596    2222.3835449  
 760.0      2324.3916016    1175.6140137    2224.6621094  
 780.0      2333.1245117    1182.5190430    2226.9016113  
 800.0      2341.7419434    1189.3652344    2229.1032715  
 820.0      2350.2500000    1196.1552734    2231.2685547  
 840.0      2358.6530762    1202.8911133    2233.3991699  
 860.0      2366.9550781    1209.5750732    2235.4965820  
 880.0      2375.1589355    1216.2084961    2237.5615234  
 900.0      2383.2700195    1222.7938232    2239.5959473  
 920.0      2391.2902832    1229.3317871    2241.6003418  
 940.0      2399.2236328    1235.8248291    2243.5764160  
 960.0      2407.0727539    1242.2736816    2245.5244141  
 980.0      2414.8408203    1248.6801758    2247.4458008  
1000.0      2422.5310059    1255.0457764    2249.3413086  
1020.0      2430.7197266    1262.2631836    2251.2119141  
1040.0      2438.8352051    1269.4418945    2253.0581055  
1060.0      2446.8796387    1276.5832520    2254.8811035  
1080.0      2454.8552246    1283.6882324    2256.6813965  
1100.0      2462.7641602    1290.7574463    2258.4594727  
1120.0      2470.6083984    1297.7927246    2260.2165527  
1140.0      2478.3901367    1304.7944336    2261.9528809  
1160.0      2486.1101074    1311.7634277    2263.6687012  
1180.0      2493.7714844    1318.7011719    2265.3654785  
1200.0      2501.3750000    1325.6075439    2267.0429688  
1220.0      2508.9228516    1332.4842529    2268.7023926  
1240.0      2516.4157715    1339.3315430    2270.3435059  
1260.0      2523.8559570    1346.1503906    2271.9670410  
1280.0      2531.2441406    1352.9410400    2273.5734863  
1300.0      2538.5825195    1359.7048340    2275.1635742  
1320.0      2545.8715820    1366.4420166    2276.7375488  
1340.0      2553.1130371    1373.1533203    2278.2956543  
1360.0      2560.3076172    1379.8392334    2279.8383789  
1380.0      2567.4570312    1386.5002441    2281.3662109  
1400.0      2574.5617676    1393.1372070    2282.8793945  
1420.0      2581.6235352    1399.7503662    2284.3781738  
1440.0      2588.6423340    1406.3405762    2285.8630371  
1460.0      2595.6198730    1412.9078369    2287.3342285  
1480.0      2602.5576172    1419.4533691    2288.7922363  
1500.0      2609.4553223    1425.9766846    2290.2370605  
1520.0      2618.8334961    1432.9916992    2291.6689453  
1540.0      2628.1738281    1439.9864502    2293.0886230  
1560.0      2637.4772949    1446.9603271    2294.4960938  
1580.0      2646.7446289    1453.9143066    2295.8916016  
1600.0      2655.9765625    1460.8487549    2297.2753906  
1620.0      2665.1735840    1467.7639160    2298.6479492  
1640.0      2674.3364258    1474.6599121    2300.0114746  
1660.0      2683.4663086    1481.5377197    2301.7678223  
1680.0      2692.5632324    1488.3969727    2303.5097656  
1700.0      2701.6274414    1495.2384033    2305.2380371  
1720.0      2710.6616211    1502.0627441    2306.9531250  
1740.0      2719.6643066    1508.8695068    2308.6547852  
1760.0      2728.6369629    1515.6594238    2310.3435059  
1780.0      2737.5805664    1522.4331055    2312.0197754  
1800.0      2746.4938965    1529.1899414    2313.6831055  
1820.0      2755.3789062    1535.9306641    2315.3344727  
1840.0      2764.2368164    1542.6563721    2316.9741211  
1860.0      2773.0664062    1550.7430420    2318.6013184  
1880.0      2781.8686523    1561.9066162    2320.2172852  
1900.0      2790.6455078    1573.0289307    2321.8217773  
1920.0      2799.3952637    1584.1093750    2323.4150391  
1940.0      2808.1196289    1595.1495361    2324.9975586  
1960.0      2816.8190918    1606.1497803    2326.5690918  
1980.0      2825.4934082    1617.1103516    2328.1298828  
2000.0      2834.1435547    1628.0323486    2329.6804199  
2020.0      2845.5686035    1640.1833496    2331.2204590  
2040.0      2856.9702148    1652.2968750    2332.7504883  
2060.0      2868.3486328    1664.3729248    2334.2705078  
2080.0      2879.7041016    1676.4135742    2335.7810059  
2100.0      2891.0371094    1688.4177246    2337.2817383  
2120.0      2902.6398926    1700.3865967    2338.7729492  
2140.0      2919.8588867    1712.3201904    2340.2546387  
2160.0      2937.0207520    1724.2204590    2341.7275391  
2180.0      2954.1242676    1736.0860596    2343.1911621  
2200.0      2971.1713867    1747.9183350    2344.6457520  
2220.0      2988.1635742    1759.7180176    2346.0917969  
2240.0      3005.1008301    1771.4852295    2347.5292969  
2260.0      3021.9838867    1783.2202148    2348.9580078  
2280.0      3038.8139648    1794.9237061    2350.3784180  
2300.0      3055.5920410    1806.5959473    2351.7905273  
2320.0      3072.3183594    1818.2379150    2353.1945801  
2340.0      3088.9931641    1829.8491211    2354.5905762  
2360.0      3105.6186523    1841.4306641    2355.9787598  
2380.0      3122.1943359    1852.9825439    2357.3588867  
2400.0      3138.7214355    1864.5051270    2358.7314453  
2420.0      3155.2006836    1875.9997559    2360.0966797  
2440.0      3171.6318359    1887.4652100    2361.4541016  
2460.0      3188.0170898    1898.9030762    2362.8041992  
2480.0      3204.3554688    1910.3129883    2364.1469727  
2500.0      3220.6486816    1921.6956787    2365.4826660  
2520.0      3231.6081543    1927.6761475    2366.8112793  
2540.0      3242.5229492    1933.6297607    2368.1328125  
2560.0      3253.3940430    1939.5570068    2369.4475098  
2580.0      3264.2221680    1945.4586182    2370.7553711  
2600.0      3275.0073242    1951.3342285    2372.0563965  
2620.0      3285.7504883    1957.1842041    2373.3508301  
2640.0      3296.4523926    1963.0093994    2374.6386719  
2660.0      3307.1127930    1968.8096924    2375.9201660  
2680.0      3317.7336426    1974.5860596    2377.1953125  
2700.0      3328.3129883    1980.3369141    2378.4638672  
2720.0      3338.8542480    1986.0651855    2379.7265625  
2740.0      3349.3554688    1991.7689209    2380.9826660  
2760.0      3359.8190918    1997.4498291    2382.2329102  
2780.0      3370.2436523    2003.1068115    2383.4770508  
2800.0      3380.6315918    2008.7420654    2384.7155762  
2820.0      3390.9814453    2014.3538818    2385.9477539  
2840.0      3401.2949219    2019.9433594    2387.1745605  
2860.0      3411.5720215    2025.5106201    2388.3952637  
2880.0      3421.8144531    2031.0571289    2389.6108398  
2900.0      3432.0202637    2036.5811768    2390.8203125  
2920.0      3442.1894531    2042.0826416    2392.0241699  
2940.0      3452.3251953    2047.5637207    2393.2226562  
2960.0      3462.4270020    2053.0239258    2394.4157715  
2980.0      3472.4946289    2058.4636230    2395.6035156  
3000.0      3482.5290527    2063.8825684    2396.7861328  
3020.0      3493.1914062    2069.6577148    2397.9633789  
3040.0      3503.8212891    2075.4128418    2399.1354980  
3060.0      3514.4194336    2081.1486816    2400.3027344  
3080.0      3524.9833984    2086.8632812    2401.4643555  
3100.0      3535.5168457    2092.5590820    2402.6213379  
3120.0      3546.0185547    2098.2353516    2403.7731934  
3140.0      3556.4895020    2103.8930664    2404.9204102  
3160.0      3566.9294434    2109.5312500    2406.0625000  
3180.0      3577.3393555    2115.1508789    2407.1997070  
3200.0      3587.7189941    2120.7521973    2408.3325195  
3220.0      3598.0690918    2126.3349609    2409.4604492  
3240.0      3608.3896484    2131.8996582    2410.5837402  
3260.0      3618.6806641    2137.4460449    2411.7023926  
3280.0      3628.9433594    2142.9746094    2412.8164062  
3300.0      3639.1767578    2148.4853516    2413.9260254  
3320.0      3649.3825684    2153.9792480    2415.0312500  
3340.0      3659.5595703    2159.4548340    2416.1318359  
3360.0      3669.7094727    2164.9135742    2417.2280273  
3380.0      3679.8315430    2170.3552246    2418.3200684  
3400.0      3689.9267578    2175.7800293    2419.4077148  
3420.0      3699.9948730    2181.1882324    2420.4912109  
3440.0      3710.0366211    2186.5800781    2421.5705566  
3460.0      3720.0515137    2191.9548340    2422.6455078  
3480.0      3730.0405273    2197.3139648    2423.7165527  
3500.0      3740.0034180    2202.6562500    2424.7832031  
3520.0      3744.8105469    2204.3024902    2425.8461914  
3540.0      3749.5922852    2205.9326172    2426.9047852  
3560.0      3754.3491211    2207.5473633    2427.9597168  
3580.0      3759.0805664    2209.1459961    2429.0104980  
3600.0      3763.7875977    2210.7299805    2430.0576172  
3620.0      3768.4697266    2212.2976074    2431.1005859  
3640.0      3773.1279297    2213.8503418    2432.1398926  
3660.0      3777.7622070    2215.3884277    2433.1752930  
3680.0      3782.3723145    2216.9113770    2434.2070312  
3700.0      3786.9592285    2218.4196777    2435.2351074  
3720.0      3791.5227051    2219.9133301    2436.2592773  
3740.0      3796.0622559    2221.3916016    2437.2797852  
3760.0      3800.5798340    2222.8562012    2438.2968750  
3780.0      3805.0739746    2224.3063965    2439.3103027  
3800.0      3812.4973145    2227.8830566    2440.7861328  
3820.0      3831.7033691    2240.0202637    2444.1225586  
3840.0      3850.4968262    2251.8803711    2447.3937988  
3860.0      3868.9028320    2263.4809570    2450.6040039  
3880.0      3886.9360352    2274.8305664    2453.7551270  
3900.0      3904.6152344    2285.9421387    2456.8503418  
3920.0      3921.9572754    2296.8264160    2459.8925781  
3940.0      3938.9768066    2307.4931641    2462.8835449  
3960.0      3955.6884766    2317.9526367    2465.8261719  
3980.0      3972.1074219    2328.2143555    2468.7224121  
4000.0      3988.2407227    2338.2829590    2471.5737305  
4020.0      4003.2285156    2347.6699219    2474.3820801  
4040.0      4017.9589844    2356.8833008    2477.1499023  
4060.0      4032.4396973    2365.9270020    2479.8781738  
4080.0      4046.6767578    2374.8051758    2482.5678711  
4100.0      4060.6818848    2383.5266113    2485.2211914  
4120.0      4074.4685059    2392.0996094    2487.8400879  
4140.0      4088.0375977    2400.5244141    2490.4243164  
4160.0      4101.3989258    2408.8083496    2492.9760742  
4180.0      4114.5600586    2416.9558105    2495.4960938  
4200.0      4127.5273438    2424.9711914    2497.9853516  
4220.0      4140.3076172    2432.3876953    2500.4453125  
4240.0      4152.9062500    2437.5786133    2502.8764648  
4260.0      4165.3291016    2442.6674805    2505.2797852  
4280.0      4177.5805664    2447.6577148    2507.6562500  
4300.0      4189.6704102    2452.5544434    2510.0068359  
4320.0      4201.5981445    2457.3579102    2512.3322754  
4340.0      4213.3701172    2462.0712891    2514.6328125  
4360.0      4224.9921875    2466.6982422    2516.9099121  
4380.0      4236.4667969    2471.2399902    2519.1635742  
4400.0      4247.8002930    2475.6999512    2521.3950195  
4420.0      4258.9941406    2480.0795898    2523.6042480  
4440.0      4270.0527344    2484.3808594    2525.7922363  
4460.0      4280.9819336    2488.6079102    2527.9599609  
4480.0      4291.7797852    2492.7587891    2530.1066895  
4500.0      4302.4550781    2496.8391113    2532.2341309  
4520.0      4318.3940430    2506.0427246    2534.3427734  
4540.0      4334.2109375    2515.1760254    2536.4321289  
4560.0      4349.9140625    2524.2436523    2538.5034180  
4580.0      4365.5039062    2533.2458496    2540.5568848  
4600.0      4380.9838867    2542.1848145    2542.5930176  
4620.0      4396.3569336    2551.0615234    2544.6120605  
4640.0      4411.6259766    2559.8786621    2546.6149902  
4660.0      4426.7895508    2568.6347656    2548.6010742  
4680.0      4441.8540039    2577.3337402    2550.5715332  
4700.0      4456.8203125    2585.9760742    2552.5266113  
4720.0      4471.6918945    2594.5629883    2554.4665527  
4740.0      4486.4682617    2603.0957031    2556.3916016  
4760.0      4501.1528320    2611.5751953    2558.3022461  
4780.0      4515.7465820    2620.0024414    2560.1982422  
4800.0      4530.2534180    2628.3793945    2562.0808105  
4820.0      4544.6743164    2636.7065430    2563.9497070  
4840.0      4559.0097656    2644.9846191    2565.8049316  
4860.0      4573.2617188    2653.2143555    2567.6472168  
4880.0      4587.4331055    2661.3977051    2569.4768066  
4900.0      4601.5244141    2669.5349121    2571.2934570  
4920.0      4615.5380859    2677.6269531    2573.0981445  
4940.0      4629.4746094    2685.6745605    2574.8906250  
4960.0      4643.3359375    2693.6789551    2576.6711426  
4980.0      4657.1230469    2701.6403809    2578.4399414  
5000.0      4670.8374023    2709.5598145    2580.1972656  
