# CE_13849 -117.81805206 33.85353652
# 
# Depth (m)   Vp (m/s)        Vs(m/s)      Density(kg/m3)
   0.0       396.8687439     171.4557953    1927.6655273  
  20.0      1163.5000000     377.9299927    2048.7165527  
  40.0      1299.9000244     416.6700134    2070.2541504  
  60.0      1315.2025146     482.2000122    2072.6704102  
  80.0      1322.3116455     526.3900146    2073.7929688  
 100.0      1348.8167725     559.8800049    2077.9782715  
 120.0      1402.6091309     584.2700195    2086.4719238  
 140.0      1488.1217041     602.5700073    2099.9743652  
 160.0      1606.7272949     602.5700073    2118.7021484  
 180.0      1757.0135498     623.8900146    2142.4323730  
 200.0      1935.0664062     651.3200073    2170.5468750  
 220.0      1997.5175781     651.3200073    2180.4079590  
 240.0      2056.2861328     681.7999878    2189.6875000  
 260.0      2111.8752441     681.7999878    2198.4650879  
 280.0      2164.6821289     681.7999878    2206.8032227  
 300.0      2215.0312500     681.7999878    2214.7534180  
 320.0      2096.4460449    1122.8719482    2240.3078613  
 340.0      2108.4980469    1130.5228271    2245.9155273  
 360.0      2119.8955078    1137.8316650    2251.3071289  
 380.0      2130.6977539    1144.8270264    2256.5026855  
 400.0      2140.9572754    1151.5345459    2261.5190430  
 420.0      2150.7172852    1157.9757080    2266.3708496  
 440.0      2160.0178223    1164.1706543    2271.0710449  
 460.0      2168.8925781    1170.1359863    2275.6308594  
 480.0      2177.7133789    1176.1052246    2280.1728516  
 500.0      2186.4057617    1182.0300293    2284.6726074  
 520.0      2204.2138672    1194.0407715    2289.0485840  
 540.0      2221.6704102    1205.8581543    2293.3088379  
 560.0      2238.8000488    1217.4953613    2297.4611816  
 580.0      2255.6210938    1228.9609375    2301.9663086  
 600.0      2272.1525879    1240.2652588    2307.1108398  
 620.0      2288.4111328    1251.4171143    2312.1381836  
 640.0      2304.4104004    1262.4234619    2317.0544434  
 660.0      2320.1657715    1283.7043457    2321.8662109  
 680.0      2335.6894531    1307.5148926    2326.5783691  
 700.0      2350.9924316    1330.9754639    2331.1960449  
 720.0      2366.0869141    1354.1037598    2335.7241211  
 740.0      2386.8510742    1376.9127197    2340.1667480  
 760.0      2419.0043945    1399.4149170    2344.5273438  
 780.0      2450.6652832    1421.6254883    2348.8100586  
 800.0      2481.8522949    1443.5544434    2353.0180664  
 820.0      2512.5891113    1465.2153320    2357.1550293  
 840.0      2542.8930664    1486.6175537    2361.2236328  
 860.0      2572.7783203    1507.7686768    2365.2260742  
 880.0      2602.2651367    1528.6804199    2369.1655273  
 900.0      2631.3666992    1549.3599854    2373.0441895  
 920.0      2660.1008301    1569.8181152    2376.8649902  
 940.0      2688.4775391    1590.0595703    2380.6291504  
 960.0      2716.5107422    1610.0926514    2384.3393555  
 980.0      2744.2143555    1629.9250488    2387.9970703  
1000.0      2771.5937500    1649.5595703    2391.6040039  
1020.0      2800.2519531    1670.6789551    2395.1625977  
1040.0      2828.6101074    1691.6143799    2398.6738281  
1060.0      2856.6796875    1712.3726807    2402.1396484  
1080.0      2884.4692383    1732.9587402    2405.5610352  
1100.0      2911.9877930    1753.3775635    2408.9396973  
1120.0      2939.2431641    1773.6340332    2412.2768555  
1140.0      2966.2446289    1793.7333984    2415.5739746  
1160.0      2992.9980469    1813.6788330    2418.8320312  
1180.0      3019.5119629    1833.4753418    2422.0520020  
1200.0      3045.7927246    1853.1264648    2425.2351074  
1220.0      3071.8461914    1872.6362305    2428.3825684  
1240.0      3097.6799316    1892.0085449    2431.4951172  
1260.0      3123.2990723    1911.2464600    2434.5739746  
1280.0      3148.7097168    1930.3535156    2437.6198730  
1300.0      3173.9174805    1949.3333740    2440.6337891  
1320.0      3198.9267578    1968.1882324    2443.6162109  
1340.0      3223.7434082    1986.9218750    2446.5683594  
1360.0      3248.3725586    2005.5367432    2449.4907227  
1380.0      3272.8195801    2024.0368652    2452.3845215  
1400.0      3297.0849609    2042.4211426    2455.2495117  
1420.0      3321.1767578    2060.6958008    2458.0871582  
1440.0      3345.0986328    2078.8627930    2460.8979492  
1460.0      3368.8542480    2096.9235840    2463.6823730  
1480.0      3392.4467773    2114.8806152    2466.4411621  
1500.0      3415.8806152    2132.7363281    2469.1750488  
1520.0      3437.4665527    2148.0969238    2471.8842773  
1540.0      3458.9008789    2163.3605957    2474.5693359  
1560.0      3480.1865234    2178.5290527    2477.2312012  
1580.0      3501.3271484    2193.6044922    2479.8701172  
1600.0      3521.0429688    2207.6408691    2482.2839355  
1620.0      3535.5053711    2217.8046875    2483.8681641  
1640.0      3549.8898926    2227.9167480    2485.4404297  
1660.0      3564.1940918    2237.9733887    2486.9997559  
1680.0      3578.4208984    2247.9775391    2488.5468750  
1700.0      3592.5742188    2257.9321289    2490.0825195  
1720.0      3606.6540527    2267.8366699    2491.6064453  
1740.0      3620.6625977    2277.6926270    2493.1191406  
1760.0      3634.6005859    2287.5009766    2494.6208496  
1780.0      3648.4699707    2297.2622070    2496.1115723  
1800.0      3662.2714844    2306.9772949    2497.5915527  
1820.0      3676.0092773    2316.6491699    2499.0615234  
1840.0      3689.6762695    2325.7216797    2500.5202637  
1860.0      3703.2851562    2333.7727051    2501.9699707  
1880.0      3716.8293457    2341.7858887    2503.4091797  
1900.0      3730.3125000    2349.7644043    2504.8391113  
1920.0      3743.7355957    2357.7075195    2506.2592773  
1940.0      3757.0996094    2365.6171875    2507.6701660  
1960.0      3770.4052734    2373.4926758    2509.0720215  
1980.0      3783.6528320    2381.3347168    2510.4645996  
2000.0      3796.8459473    2389.1455078    2511.8483887  
2020.0      3811.2702637    2397.5227051    2513.2241211  
2040.0      3825.6376953    2405.8671875    2514.5908203  
2060.0      3839.9521484    2414.1813965    2515.9489746  
2080.0      3854.2148438    2422.4653320    2517.2990723  
2100.0      3868.4267578    2430.7199707    2518.6411133  
2120.0      3882.5888672    2438.9460449    2519.9753418  
2140.0      3896.7001953    2447.1425781    2521.3015137  
2160.0      3910.7626953    2455.3107910    2522.6201172  
2180.0      3924.7753906    2463.4504395    2523.9306641  
2200.0      3938.7426758    2471.5639648    2525.2341309  
2220.0      3952.6630859    2479.6503906    2526.5302734  
2240.0      3966.5375977    2487.7102051    2527.8188477  
2260.0      3980.3664551    2495.7436523    2529.1005859  
2280.0      3994.1520996    2503.7524414    2530.3754883  
2300.0      4007.8933105    2511.7353516    2531.6430664  
2320.0      4021.5915527    2519.6933594    2532.9040527  
2340.0      4035.2473145    2527.6271973    2534.1582031  
2360.0      4048.8610840    2535.5363770    2535.4060059  
2380.0      4062.4343262    2543.4223633    2536.6472168  
2400.0      4075.9660645    2551.2841797    2537.8818359  
2420.0      4089.4602051    2559.1247559    2539.1105957  
2440.0      4102.9130859    2566.9411621    2540.3327637  
2460.0      4116.3266602    2574.7348633    2541.5488281  
2480.0      4129.7021484    2582.5068359    2542.7587891  
2500.0      4143.0400391    2590.2568359    2543.9628906  
2520.0      4149.2343750    2591.8627930    2545.1608887  
2540.0      4155.3935547    2593.4484863    2546.3530273  
2560.0      4161.5156250    2595.0129395    2547.5395508  
2580.0      4167.6035156    2596.5576172    2548.7207031  
2600.0      4173.6552734    2598.0810547    2549.8959961  
2620.0      4179.6718750    2599.5849609    2551.0659180  
2640.0      4185.6557617    2601.0695801    2552.2304688  
2660.0      4191.6015625    2602.5317383    2553.3891602  
2680.0      4197.5190430    2603.9782715    2554.5432129  
2700.0      4203.3979492    2605.4023438    2555.6914062  
2720.0      4209.2504883    2606.8110352    2556.8352051  
2740.0      4215.0654297    2608.1979980    2557.9731445  
2760.0      4220.8500977    2609.5676270    2559.1064453  
2780.0      4226.6035156    2610.9194336    2560.2346191  
2800.0      4232.3266602    2612.2531738    2561.3581543  
2820.0      4238.0180664    2613.5688477    2562.4765625  
2840.0      4243.6767578    2614.8659668    2563.5898438  
2860.0      4249.3120117    2616.1491699    2564.6994629  
2880.0      4254.9121094    2617.4121094    2565.8034668  
2900.0      4260.4838867    2618.6589355    2566.9030762  
2920.0      4266.0273438    2619.8894043    2567.9980469  
2940.0      4271.5424805    2621.1030273    2569.0888672  
2960.0      4277.0288086    2622.3005371    2570.1748047  
2980.0      4282.4877930    2623.4821777    2571.2565918  
3000.0      4287.9184570    2624.6469727    2572.3339844  
3020.0      4295.2485352    2626.6457520    2573.4069824  
3040.0      4302.5517578    2628.6289062    2574.4755859  
3060.0      4309.8276367    2630.5961914    2575.5402832  
3080.0      4317.0776367    2632.5483398    2576.6005859  
3100.0      4324.3017578    2634.4860840    2577.6569824  
3120.0      4331.4990234    2636.4079590    2578.7089844  
3140.0      4338.6713867    2638.3154297    2579.7570801  
3160.0      4345.8183594    2640.2082520    2580.8012695  
3180.0      4352.9404297    2642.0866699    2581.8413086  
3200.0      4360.0371094    2643.9506836    2582.8774414  
3220.0      4367.1103516    2645.8007812    2583.9101562  
3240.0      4374.1586914    2647.6369629    2584.9384766  
3260.0      4381.1835938    2649.4592285    2585.9633789  
3280.0      4388.1835938    2651.2670898    2586.9843750  
3300.0      4395.1606445    2653.0617676    2588.0014648  
3320.0      4402.1147461    2654.8435059    2589.0153809  
3340.0      4409.0454102    2656.6115723    2590.0253906  
3360.0      4415.9531250    2658.3662109    2591.0317383  
3380.0      4422.8383789    2660.1079102    2592.0344238  
3400.0      4429.7016602    2661.8371582    2593.0336914  
3420.0      4436.5429688    2663.5537109    2594.0295410  
3440.0      4443.3623047    2665.2570801    2595.0219727  
3460.0      4450.1591797    2666.9479980    2596.0107422  
3480.0      4456.9350586    2668.6264648    2596.9963379  
3500.0      4463.6894531    2670.2927246    2597.9785156  
3520.0      4473.8598633    2674.8552246    2598.9572754  
3540.0      4484.0107422    2679.4060059    2599.9331055  
3560.0      4494.1376953    2683.9431152    2600.9050293  
3580.0      4504.2460938    2688.4697266    2601.8740234  
3600.0      4514.3339844    2692.9846191    2602.8398438  
3620.0      4524.4018555    2697.4875488    2603.8024902  
3640.0      4534.4497070    2701.9787598    2604.7619629  
3660.0      4544.4780273    2706.4589844    2605.7182617  
3680.0      4554.4863281    2710.9279785    2606.6716309  
3700.0      4564.4750977    2715.3854980    2607.6218262  
3720.0      4574.4448242    2719.8317871    2608.5690918  
3740.0      4584.3955078    2724.2668457    2609.5131836  
3760.0      4594.3281250    2728.6918945    2610.4543457  
3780.0      4604.2402344    2733.1052246    2611.3925781  
3800.0      4614.1352539    2737.5085449    2612.3278809  
3820.0      4624.0122070    2741.9011230    2613.2602539  
3840.0      4633.8701172    2746.2829590    2614.1899414  
3860.0      4643.7094727    2750.6542969    2615.1164551  
3880.0      4653.5312500    2755.0153809    2616.0402832  
3900.0      4663.3349609    2759.3659668    2616.9611816  
3920.0      4673.1225586    2763.7070312    2617.8793945  
3940.0      4682.8916016    2768.0375977    2618.7949219  
3960.0      4692.6430664    2772.3581543    2619.7075195  
3980.0      4702.3774414    2776.6687012    2620.6176758  
4000.0      4712.0942383    2780.9689941    2621.5249023  
4020.0      4708.5961914    2774.9895020    2622.4296875  
4040.0      4705.0815430    2769.0004883    2623.3315430  
4060.0      4701.5502930    2763.0021973    2624.2309570  
4080.0      4698.0024414    2756.9941406    2625.1279297  
4100.0      4694.4370117    2750.9755859    2626.0219727  
4120.0      4690.8564453    2744.9487305    2626.9135742  
4140.0      4687.2592773    2738.9118652    2627.8027344  
4160.0      5057.3657227    2982.4414062    2687.6997070  
4180.0      5054.1440430    2978.5812988    2688.6479492  
4200.0      5050.9218750    2974.7211914    2689.5961914  
4220.0      5047.6997070    2970.8608398    2690.5444336  
4240.0      5044.4775391    2967.0004883    2691.4926758  
4260.0      5041.2553711    2963.1401367    2692.4409180  
4280.0      5038.0332031    2959.2797852    2693.3891602  
4300.0      5034.8110352    2955.4199219    2694.3374023  
4320.0      5031.5888672    2951.5595703    2695.2856445  
4340.0      5028.3662109    2947.6994629    2696.2338867  
4360.0      5025.1440430    2943.8391113    2697.1821289  
4380.0      5021.9218750    2939.9790039    2698.1303711  
4400.0      5018.6997070    2936.1184082    2699.0786133  
4420.0      5015.4780273    2932.2583008    2700.0268555  
4440.0      5012.2558594    2928.3981934    2700.9750977  
4460.0      5009.0332031    2924.5378418    2701.9233398  
4480.0      5005.8115234    2920.6777344    2702.8715820  
4500.0      5002.5888672    2916.8171387    2703.8198242  
4520.0      5015.8447266    2926.1821289    2704.7680664  
4540.0      5029.1000977    2935.5471191    2705.7163086  
4560.0      5042.3554688    2944.9118652    2706.6645508  
4580.0      5055.6108398    2954.2766113    2707.6130371  
4600.0      5068.8671875    2963.6416016    2708.5612793  
4620.0      5082.1220703    2973.0063477    2709.5095215  
4640.0      5095.3774414    2982.3710938    2710.4577637  
4660.0      5108.6333008    2991.7358398    2711.4060059  
4680.0      5121.8881836    3001.1005859    2712.3542480  
4700.0      5135.1435547    3010.4650879    2713.3024902  
4720.0      5148.3999023    3019.8300781    2714.2507324  
4740.0      5161.6552734    3029.1948242    2715.1989746  
4760.0      5174.9106445    3038.5598145    2716.1472168  
4780.0      5188.1660156    3047.9245605    2717.0954590  
4800.0      5201.4213867    3057.2893066    2718.0437012  
4820.0      5214.6777344    3066.6542969    2718.9921875  
4840.0      5227.9326172    3076.0190430    2719.9401855  
4860.0      5241.1884766    3085.3837891    2720.8886719  
4880.0      5254.4438477    3094.7485352    2721.8369141  
4900.0      5267.6992188    3104.1135254    2722.7851562  
4920.0      5280.9550781    3113.4782715    2723.7333984  
4940.0      5294.2104492    3122.8430176    2724.6816406  
4960.0      5307.4658203    3132.2077637    2725.6298828  
4980.0      5320.7211914    3141.5725098    2726.5781250  
5000.0      5333.9765625    3150.9372559    2727.5263672  
