-117.9568 33.8401  CE_13066  275.12  0.1250  4.0000
-117.8180 33.8535  CE_13849  359.47  0.1250  4.0000
-117.8870 33.8891  CE_13878  377.00  0.1250  4.0000
-117.9591 33.8663  CE_13879  283.30  0.1250  4.0000
-117.9311 33.9086  CE_13880  306.60  0.1250  4.0000
-117.9557 33.9315  CE_13881  331.70  0.1250  4.0000
-117.8034 33.9274  CE_13882  378.20  0.1250  4.0000
-117.8578 33.8534  CE_13883  283.50  0.1250  4.0000
-118.0469 33.8892  CE_14026  268.70  0.1250  4.0000
-118.0576 33.9283  CE_14027  338.00  0.1250  4.0000
-117.8657 34.0209  CE_23938  383.40  0.1250  4.0000
-117.9812 33.8078  CI_BRE  265.59  0.1250  4.0000
-117.9225 33.8717  CI_FUL  351.22  0.1250  4.0000
-117.9237 33.9454  CI_OLI  414.77  0.1250  4.0000
-117.9508 34.0095  CI_WLT  342.64  0.1250  4.0000
