95
4510 1711 1
3798 3798 1
5637 2870 1
4237 3154 1
4704 2749 1
4263 1975 1
4135 2641 1
3719 2693 1
5120 3773 1
5280 2577 1
5500 1215 1
5248 829 1
4842 1105 1
5651 2271 1
5593 1613 1
5280 1429 1
3274 1576 1
2833 1914 1
2463 2220 1
1717 2129 1
1746 487 1
1138 1798 1
1412 805 1
1885 1066 1
3507 835 1
1008 440 1
1249 547 1
389 651 1
1062 1325 1
2287 1323 1
2370 1732 1
2692 992 1
3115 676 1
3185 2524 1
1660 1688 1
3352 368 1
2269 468 1
571 263 1
3456 2011 1
3102 4590 1
3126 4215 1
4361 4495 1
2264 3938 1
2631 4347 1
3299 3586 1
2840 3855 1
3730 4317 1
1198 2600 1
922 3484 1
698 3193 1
1080 3273 1
436 1709 1
589 1923 1
396 3144 1
1244 3855 1
1685 3607 1
379 2217 1
343 2206 1
380 2307 1
334 2198 1
804 2206 1
747 2768 1
472 1756 1
630 2583 1
718 2422 1
380 2307 1
708 2360 1
2014 2551 1
2268 3315 1
1257 2218 1
308 1372 1
4576 1188 1
429 3686 1
351 3681 1
3192 778 1
4539 2303 1
373 3640 1
1211 2766 1
492 3981 1
3703 297 1
3703 297 1
1603 1754 1
2192 549 1
392 3658 1
392 3658 1
3880 3084 1
1143 4489 1
5598 3664 1
3265 2608 1
2592 3024 1
1981 4382 1
1552 3064 1
3075 3572 1
886 693 1
374 3645 1
