# Station list for La Habra
# Lon Lat StationId Vs30(m/s) HP_Freq(Hz) LP_Freq(Hz)
-116.97260 33.92990  CE_12919  333.00  0.1250  8.0000
-117.95680 33.84010  CE_13066  288.00  0.1250  8.0000
-117.80940 33.78610  CE_13067  367.00  0.1250  8.0000
-117.74210 33.86330  CE_13068  474.00  0.1250  8.0000
-117.84970 33.76760  CE_13069  318.00  0.1250  8.0000
-117.44300 33.91740  CE_13079  305.00  0.1250  8.0000
-117.25190 33.96770  CE_13080  420.00  0.1625  8.0000
-117.26640 33.69890  CE_13096  646.00  0.1625  8.0000
-117.51410 33.88420  CE_13098  383.00  0.1250  8.0000
-117.59260 33.87600  CE_13099  420.00  0.1250  8.0000
-117.63550 33.87560  CE_13100  341.00  0.1250  8.0000
-117.44530 33.95060  CE_13123  547.00  0.1625  8.0000
-117.90310 33.63360  CE_13160  355.00  0.1250  8.0000
-117.71780 33.99010  CE_13162  348.00  0.1250  8.0000
-117.88970 33.98930  CE_13174  377.00  0.1250  8.0000
-117.99740 33.66230  CE_13197  337.00  0.1250  8.0000
-117.90230 33.66260  CE_13215  380.00  0.1250  8.0000
-117.75270 33.67820  CE_13220  350.00  0.1250  8.0000
-117.77520 33.65980  CE_13441  279.00  0.1250  8.0000
-117.54040 33.85560  CE_13726  336.00  0.1250  8.0000
-117.81800 33.85350  CE_13849  385.00  0.1250  8.0000
-117.89630 33.93310  CE_13873  423.00  0.1250  8.0000
-117.83350 33.77740  CE_13875  335.00  0.1250  8.0000
-117.88960 33.60540  CE_13877  384.00  0.1250  8.0000
-117.88700 33.88910  CE_13878  398.00  0.1250  8.0000
-117.95910 33.86630  CE_13879  299.00  0.1250  8.0000
-117.93110 33.90860  CE_13880  324.00  0.1250  8.0000
-117.95570 33.93150  CE_13881  353.00  0.1250  8.0000
-117.80340 33.92740  CE_13882  412.00  0.1250  8.0000
-117.85780 33.85340  CE_13883  300.00  0.1250  8.0000
-117.91780 33.76670  CE_13884  300.00  0.1250  8.0000
-117.95580 33.75710  CE_13885  285.00  0.1250  8.0000
-117.96800 33.79110  CE_13886  267.00  0.1250  8.0000
-117.96290 33.67650  CE_13887  302.00  0.1250  8.0000
-117.84950 33.81950  CE_13888  343.00  0.1250  8.0000
-117.84390 33.74780  CE_13889  323.00  0.1250  8.0000
-117.89380 33.74200  CE_13890  300.00  0.1250  8.0000
-117.88010 33.69970  CE_13892  273.00  0.1250  8.0000
-117.89020 33.78460  CE_13893  302.00  0.1250  8.0000
-117.92150 33.78900  CE_13894  290.00  0.1250  8.0000
-117.48770 33.91880  CE_13913  358.00  0.2125  8.0000
-117.38830 33.95110  CE_13914  368.00  0.1250  8.0000
-117.34390 33.97920  CE_13915  364.00  0.1250  8.0000
-117.32190 33.89460  CE_13916  470.00  0.1625  8.0000
-117.56130 33.90350  CE_13918  354.00  0.1250  8.0000
-117.48650 33.97530  CE_13921  427.00  0.1250  8.0000
-117.12740 33.74750  CE_13924  404.00  0.1250  8.0000
-117.17310 33.92120  CE_13927  325.00  0.1250  8.0000
-118.21480 33.80220  CE_14001  223.00  0.1250  8.0000
-118.17340 33.78470  CE_14002  340.00  0.1250  8.0000
-118.26030 33.74720  CE_14004  223.00  0.1250  8.0000
-118.13090 33.75890  CE_14005  293.00  0.1250  8.0000
-118.00080 33.72700  CE_14006  267.00  0.1250  8.0000
-118.02570 33.72300  CE_14007  311.00  0.1250  8.0000
-118.31210 33.98960  CE_14017  223.00  0.1250  8.0000
-118.04690 33.88920  CE_14026  281.00  0.1250  8.0000
-118.05760 33.92830  CE_14027  342.00  0.1250  8.0000
-118.06550 33.96220  CE_14028  272.00  0.1250  8.0000
-118.36830 33.86880  CE_14036  311.00  0.1250  8.0000
-118.12120 33.99100  CE_14041  326.00  0.1250  8.0000
-118.32690 33.93850  CE_14043  306.00  0.1250  8.0000
-118.35340 33.97630  CE_14044  400.00  0.1250  8.0000
-118.20880 33.89800  CE_14058  279.00  0.1250  8.0000
-118.23970 33.87580  CE_14059  304.00  0.1250  8.0000
-118.17820 33.99900  CE_14060  289.00  0.1250  8.0000
-118.15810 33.81790  CE_14125  340.00  0.1250  8.0000
-118.21430 33.93060  CE_14175  267.00  0.1250  8.0000
-118.13340 33.77730  CE_14241  282.00  0.1250  8.0000
-118.19520 33.84000  CE_14242  350.00  0.1250  8.0000
-118.16790 33.92390  CE_14368  272.00  0.1250  8.0000
-118.07240 33.83700  CE_14400  256.00  0.1250  8.0000
-118.26110 33.92900  CE_14403  301.00  0.1250  8.0000
-118.19650 33.76860  CE_14560  322.00  0.1250  8.0000
-118.38040 33.96280  CE_14767  340.00  0.1250  8.0000
-118.23940 33.92440  CE_14787  287.00  0.1250  8.0000
-118.34250 33.99340  CE_14820  400.00  0.1250  8.0000
-118.29120 33.96860  CE_14821  267.00  0.1250  8.0000
-118.38110 33.94510  CE_14822  311.00  0.1250  8.0000
-118.20860 33.97620  CE_14825  293.00  0.1250  8.0000
-118.12730 33.92000  CE_14827  267.00  0.1250  8.0000
-118.09890 33.93900  CE_14828  313.00  0.1250  8.0000
-118.11790 33.88290  CE_14829  267.00  0.1250  8.0000
-118.10690 33.84650  CE_14830  279.00  0.1250  8.0000
-118.32680 33.92190  CE_14834  316.00  0.3750  8.0000
-118.00110 33.94640  CE_14840  427.00  0.1250  8.0000
-118.14920 33.96890  CE_14844  298.00  0.1250  8.0000
-118.27690 33.81090  CE_14846  311.00  0.1250  8.0000
-118.21670 33.82680  CE_14847  293.00  0.1250  8.0000
-118.10820 33.81820  CE_14869  256.00  0.1250  8.0000
-118.16820 33.76310  CE_14871  321.00  0.1250  8.0000
-118.17550 33.87300  CE_14872  223.00  0.1250  8.0000
-118.30050 33.93860  CE_14934  422.00  0.1250  8.0000
-118.26180 33.86750  CE_14935  381.00  0.1250  8.0000
-118.16080 33.83370  CE_14936  311.00  0.1250  8.0000
-118.01130 33.90510  CE_14937  381.00  0.1250  8.0000
-118.31480 33.90900  CE_14988  244.00  0.1250  8.0000
-117.99950 34.14740  CE_23024  388.00  0.1250  8.0000
-117.77730 34.12520  CE_23049  406.00  0.1250  8.0000
-117.89300 34.06490  CE_23056  371.00  0.1250  8.0000
-117.91160 34.04300  CE_23057  404.00  0.1250  8.0000
-117.03520 34.04640  CE_23075  440.00  0.1250  8.0000
-117.69760 34.05740  CE_23077  321.00  0.1250  8.0000
-117.31200 34.03280  CE_23084  458.00  0.1250  8.0000
-117.68060 34.11250  CE_23089  381.00  0.1250  8.0000
-117.59780 34.13390  CE_23090  377.00  0.1250  8.0000
-117.51060 34.01360  CE_23091  881.00  0.1250  8.0000
-117.45400 34.12470  CE_23138  356.00  0.1250  8.0000
-117.53980 34.12290  CE_23163  377.00  0.1250  8.0000
-117.15530 34.02620  CE_23164  406.00  0.1250  8.0000
-117.81430 34.00180  CE_23173  402.00  0.1250  8.0000
-117.96710 34.14060  CE_23177  388.00  0.1250  8.0000
-117.91080 34.13210  CE_23178  340.00  0.1250  8.0000
-117.90600 34.09590  CE_23179  321.00  0.1250  8.0000
-117.54440 34.42570  CE_23292  378.00  0.1250  8.0000
-117.81010 34.09220  CE_23327  441.00  0.1250  8.0000
-117.60730 34.03330  CE_23417  386.00  0.2125  8.0000
-117.74870 34.05640  CE_23525  287.00  0.1250  8.0000
-117.29280 34.06560  CE_23542  342.00  0.1250  8.0000
-117.98460 34.06670  CE_23773  294.00  0.1250  8.0000
-117.93820 34.07320  CE_23774  325.00  0.1250  8.0000
-117.28720 34.09640  CE_23780  335.00  0.1250  8.0000
-117.85120 34.11360  CE_23836  416.00  0.1250  8.0000
-117.93540 33.99980  CE_23842  321.00  0.1250  8.0000
-117.95120 34.03630  CE_23843  354.00  0.1250  8.0000
-117.67050 34.07630  CE_23895  356.00  0.1250  8.0000
-117.25280 34.13320  CE_23897  584.00  0.1250  8.0000
-117.32230 34.13500  CE_23898  352.00  0.1250  8.0000
-117.39810 34.06920  CE_23899  348.00  0.1250  8.0000
-117.86570 34.02090  CE_23938  402.00  0.1250  8.0000
-117.73820 34.12110  CE_23939  385.00  0.1250  8.0000
-117.74520 34.09570  CE_23940  356.00  0.1250  8.0000
-117.64660 34.43930  CE_23958  423.00  0.1250  8.0000
-118.23310 34.20760  CE_24010  415.00  0.1250  8.0000
-118.21760 34.07520  CE_24020  426.00  0.1250  8.0000
-118.13270 34.15500  CE_24022  427.00  0.1250  8.0000
-118.15020 34.16550  CE_24023  450.00  0.1250  8.0000
-118.12960 34.04080  CE_24025  423.00  0.1250  8.0000
-118.10010 34.10350  CE_24029  369.00  0.1250  8.0000
-118.13060 34.09710  CE_24030  422.00  0.1250  8.0000
-118.10060 34.08410  CE_24033  401.00  0.1250  8.0000
-118.23010 34.02550  CE_24034  293.00  0.1250  8.0000
-118.28700 34.00400  CE_24039  293.00  0.1250  8.0000
-118.20780 34.03120  CE_24040  364.00  0.1250  8.0000
-118.15410 34.10810  CE_24109  451.00  0.1250  8.0000
-118.05780 34.10860  CE_24110  347.00  0.1250  8.0000
-118.04190 34.07530  CE_24114  319.00  0.1250  8.0000
-118.36210 34.00830  CE_24157  291.00  0.1250  8.0000
-118.25230 34.05550  CE_24289  342.00  0.1250  8.0000
-118.05820 34.22360  CE_24399  483.00  0.1250  8.0000
-118.15090 34.07050  CE_24461  550.00  0.1250  8.0000
-118.17170 34.05330  CE_24592  365.00  0.1250  8.0000
-118.24660 34.05910  CE_24611  392.00  0.1250  8.0000
-118.27230 34.04280  CE_24612  352.00  0.1250  8.0000
-118.15090 34.14910  CE_24691  431.00  0.3750  8.0000
-118.57140 34.22180  CE_24806  321.00  0.1250  8.0000
-118.30810 34.08380  CE_24811  340.00  0.1250  8.0000
-118.21090 34.13960  CE_24814  452.00  0.1250  8.0000
-118.31560 34.06270  CE_24833  340.00  0.1250  8.0000
-118.26420 34.03730  CE_24838  327.00  0.1250  8.0000
-118.25220 34.05820  CE_24839  360.00  0.1250  8.0000
-118.07830 34.00140  CE_24841  280.00  0.1250  8.0000
-118.01920 34.03180  CE_24850  415.00  0.1250  8.0000
-118.34640 34.06950  CE_24851  424.00  0.1250  8.0000
-118.28530 34.02450  CE_24852  293.00  0.1250  8.0000
-118.28650 34.07740  CE_24853  424.00  0.1250  8.0000
-118.14680 34.01740  CE_24941  359.00  0.1250  8.0000
-118.25540 34.16320  CE_24945  377.00  0.1250  8.0000
-118.24780 34.04110  CE_24977  320.00  0.1250  8.0000
-118.27390 34.05570  CE_24980  400.00  0.1250  8.0000
-118.28780 34.10030  CE_24982  402.00  0.1250  8.0000
-118.38400 34.05070  CE_24983  321.00  0.1250  8.0000
-118.32510 34.02130  CE_24984  293.00  0.1250  8.0000
-118.25700 34.01250  CE_24987  293.00  0.1250  8.0000
-116.98058 33.92139  CI_BBS  341.00  0.1250  8.0000
-117.65853 34.23883  CI_BFS  500.00  0.1250  8.0000
-118.36171 33.99053  CI_BHP  299.00  0.1250  8.0000
-117.98116 33.80776  CI_BRE  238.00  0.1250  8.0000
-118.12200 34.13700  CI_CAC  399.00  0.1250  8.0000
-117.28287 34.10539  CI_CFS  326.00  0.1250  8.0000
-117.11241 34.03547  CI_CFT  422.00  0.1250  8.0000
-117.68044 33.99879  CI_CHN  292.00  0.1250  8.0000
-117.42448 34.27117  CI_CJM  472.00  0.1250  8.0000
-117.31687 34.09284  CI_CLT  306.00  0.1250  8.0000
-117.56106 33.87574  CI_CRN  367.00  0.1250  8.0000
-118.09624 33.84822  CI_DLA  234.00  0.1250  8.0000
-117.43876 34.09957  CI_FON  404.00  0.1250  8.0000
-117.92251 33.87170  CI_FUL  309.00  0.1250  8.0000
-118.12830 34.13677  CI_GSA  325.00  0.1250  8.0000
-118.11995 34.04972  CI_GVR  402.00  0.1250  8.0000
-117.21897 34.12128  CI_HLN  348.00  0.1250  8.0000
-117.28498 34.19701  CI_IPT  297.00  0.1250  8.0000
-118.10156 34.15037  CI_KIK  384.00  0.1250  8.0000
-118.33143 33.86889  CI_LAF  257.00  0.1250  8.0000
-118.08837 33.79800  CI_LBW1  300.00  0.1250  8.0000
-118.37794 34.00033  CI_LCG  312.00  0.1250  8.0000
-118.14918 33.97530  CI_LGB  353.00  0.1250  8.0000
-117.94304 33.68447  CI_LLS  220.00  0.1250  8.0000
-117.54642 34.31478  CI_LPC  514.00  0.1250  8.0000
-118.17568 33.88110  CI_LTP  259.00  0.1250  8.0000
-117.36683 34.36560  CI_LUG  371.00  0.1250  8.0000
-117.56162 34.00460  CI_MLS  337.00  0.1250  8.0000
-118.05832 34.22362  CI_MWC  655.00  0.1250  8.0000
-118.55829 34.22869  CI_NOT  319.00  0.1250  8.0000
-117.84400 33.78816  CI_OGC  373.00  0.1250  8.0000
-117.92372 33.94539  CI_OLI  328.00  0.1250  8.0000
-118.43702 33.96273  CI_PDR  322.00  0.1250  8.0000
-117.63808 34.12070  CI_PDU  423.00  0.1250  8.0000
-117.20529 33.86164  CI_PER  563.00  0.3750  8.0000
-117.60906 33.79530  CI_PLS  699.00  0.1250  8.0000
-117.80709 34.09181  CI_PSR  772.00  0.1250  8.0000
-118.11500 34.18800  CI_Q0000  419.00  0.1250  8.0000
-118.03000 34.14900  CI_Q0001  387.00  0.1250  8.0000
-118.39900 34.07200  CI_Q0002  321.00  0.1625  8.0000
-117.76800 33.52800  CI_Q0005  435.00  0.1250  8.0000
-117.70500 33.60500  CI_Q0009  365.00  0.1250  8.0000
-118.06000 34.54000  CI_Q0013  360.00  0.1625  8.0000
-118.39700 34.27700  CI_Q0014  387.00  0.1250  8.0000
-117.56500 33.84300  CI_Q0016  360.00  0.1250  8.0000
-117.95300 33.69600  CI_Q0018  234.00  0.1250  8.0000
-116.95300 33.96000  CI_Q0020  407.00  0.1625  8.0000
-118.05400 33.72300  CI_Q0021  232.00  0.1250  8.0000
-117.50100 33.77000  CI_Q0022  418.00  0.1250  8.0000
-117.57600 33.95500  CI_Q0023  422.00  0.1250  8.0000
-117.56900 33.64300  CI_Q0026  437.00  0.1250  8.0000
-117.18100 33.83100  CI_Q0028  421.00  0.1625  8.0000
-117.74800 33.72700  CI_Q0029  387.00  0.1250  8.0000
-117.65500 33.69000  CI_Q0034  494.00  0.1250  8.0000
-118.20400 34.46600  CI_Q0035  429.00  0.3750  8.0000
-117.42800 33.73100  CI_Q0038  429.00  0.1250  8.0000
-117.42800 34.17200  CI_Q0041  387.00  0.1250  8.0000
-117.65800 33.92600  CI_Q0042  458.00  0.1250  8.0000
-117.65100 34.14500  CI_Q0046  367.00  0.1250  8.0000
-117.80300 33.77200  CI_Q0048  423.00  0.1250  8.0000
-117.12600 34.19700  CI_Q0049  593.00  0.1250  8.0000
-118.47700 34.18800  CI_Q0057  319.00  0.1625  8.0000
-118.26800 34.08000  CI_Q0063  428.00  0.1625  8.0000
-117.77700 33.89900  CI_Q0066  396.00  0.1250  8.0000
-117.99100 33.94700  CI_Q0067  451.00  0.1250  8.0000
-118.37300 33.88600  CI_Q0074  418.00  0.1250  8.0000
-118.47925 34.28196  CI_RIN  333.00  0.1250  8.0000
-117.97956 34.10473  CI_RIO  474.00  0.1250  8.0000
-117.32674 33.97327  CI_RSS  358.00  0.1250  8.0000
-118.08078 34.05075  CI_RUS  346.00  0.1250  8.0000
-117.37545 33.99351  CI_RVR  640.00  0.1250  8.0000
-117.88578 33.70432  CI_SAN  222.00  0.1250  8.0000
-117.23484 34.23240  CI_SBPX  418.00  0.1250  8.0000
-117.66171 33.55259  CI_SDD  412.00  0.1250  8.0000
-118.44600 34.02200  CI_SMF2  362.00  0.1250  8.0000
-117.55700 33.37100  CI_SOF  443.00  0.1250  8.0000
-117.78938 33.82854  CI_SRN  261.00  0.1250  8.0000
-117.76856 33.66400  CI_STG  274.00  0.1250  8.0000
-118.19878 33.79033  CI_STS  246.00  0.1250  8.0000
-117.09822 34.10647  CI_SVD  510.00  0.1250  8.0000
-117.67822 34.38203  CI_TA2  607.00  0.1250  8.0000
-118.28631 34.01919  CI_USC  350.00  0.1250  8.0000
-117.95077 34.00948  CI_WLT  265.00  0.1250  8.0000
-118.64971 34.17170  CI_WSS  324.00  0.1250  8.0000
-118.25500 33.94900  CI_WTT2  266.00  0.1250  8.0000
-117.44900 33.85400  NP_707  533.00  0.3750  8.0000
